8 8 21 45 60 20 1 
pid_000 1 1 0 1 0 1 1 1 1 1 1 1 1 1 1 1 1 1 1 1 0 1 0 1 1 1 1 1 1 1 1 1 1 1 1 1
pid_001 1 1 1 1 1 1 1 0 1 1 1 1 1 1 1 0 1 1 0 1 1 1 1 1 1 1 0 1 0 1 1 1 1 1 0 1
pid_002 1 0 1 0 0 1 1 1 1 1 1 1 1 1 1 1 0 1 1 1 1 1 1 1 1 1 1 1 0 0 1 1 1 0 1 1
pid_003 1 1 1 1 1 1 1 0 1 1 1 1 1 1 1 1 1 1 1 1 0 1 1 1 1 0 1 1 0 1 1 0 1 1 1 1
pid_004 1 0 0 1 1 1 0 1 1 1 1 1 1 1 0 0 1 1 1 0 1 1 1 0 1 1 1 0 1 1 1 0 1 1 1 1
pid_005 1 1 1 1 1 1 1 1 1 1 1 1 1 1 0 1 1 1 1 1 1 1 1 1 1 0 1 1 0 1 1 1 1 1 1 1
pid_006 1 1 1 1 1 1 1 1 1 1 1 1 0 1 1 1 1 1 1 0 0 1 1 1 1 1 1 1 1 1 1 1 0 1 1 1
pid_007 0 1 0 1 1 1 0 1 1 1 1 1 0 1 1 1 0 1 1 1 1 1 1 0 1 0 1 1 1 1 1 0 1 1 1 1
vid_000 4 198
vid_001 6 260
vid_002 8 139
vid_003 5 230
vid_004 3 221
vid_005 6 213
vid_006 10 240
vid_007 4 253
uid_000 0 0 81.6884 106 34.3657 10 14.1421 9 33.9706 38 38.8973 33 15 0 44.0114 65 29.7321 38 65 12 50.5668 67 27.2029 13 34.0588 26 29.1548 27 58.0517 1 29.6816 25 24.2074 3 45.7056 13 1 0 24.7588 19 8.24621 7
uid_001 81.6884 77 0 0 70.342 87 71.8679 60 86.7698 97 76.4853 3 86.4523 45 64.4981 37 108.301 101 24 10 74.9533 110 79.404 100 82.7345 60 94.578 60 25.632 22 54.2033 34 105.891 129 71.3442 99 82.4621 34 106.301 46 86.8389 106
uid_002 34.3657 48 70.342 17 0 0 21.1896 30 65.307 72 7.61577 10 25.9615 20 10.7703 14 62.2013 41 47.5395 35 75.0067 100 56.8243 81 64.0078 32 63.0635 75 44.911 4 22.8473 24 50.9608 11 11.4018 13 34.2345 17 53.3667 62 32.1403 37
uid_003 14.1421 3 71.8679 29 21.1896 17 0 0 44.2945 2 26.9258 29 14.8661 1 30.1496 14 43.6807 23 53.0377 69 56.2228 52 36.0555 28 43.2666 44 41.9762 37 47.0106 18 17.8045 25 35.805 6 32.573 25 14.3178 16 37.2156 53 15.6205 17
uid_004 33.9706 2 86.7698 38 65.307 89 44.2945 7 0 0 71.1969 44 48.7955 66 73.0548 76 33.1361 10 78.6448 4 23.3452 8 9.05539 11 4.24264 5 12.1655 6 69.857 91 50.4876 0 43.1741 25 76.5572 62 34.6554 19 40.6079 16 41.1096 10
uid_005 38.8973 14 76.4853 35 7.61577 1 26.9258 34 71.1969 28 0 0 28 15 13.0384 7 65.0308 52 53.1601 39 82.0244 50 62.9682 79 70.1783 43 68.0074 54 51.3517 15 30.4631 8 52.469 62 8.94427 3 38.6005 22 55.2268 14 35.2278 25
uid_006 15 4 86.4523 15 25.9615 32 14.8661 9 48.7955 9 28 10 0 0 36.6879 46 37.054 47 66.7083 15 65.2993 9 42.2019 10 49.0408 19 42.72 60 61.2944 72 32.249 40 25 25 36.2215 26 14.2127 8 27.4591 21 8.06226 10
uid_007 44.0114 37 64.4981 27 10.7703 12 30.1496 5 73.0548 50 13.0384 18 36.6879 20 0 0 72.5603 11 40.7922 12 80.2122 91 64.2573 55 71.3092 4 72.0069 20 40.0125 42 25.4951 23 61.6847 48 7.07107 9 44 32 64.0312 2 42.5793 22
uid_008 29.7321 0 108.301 103 62.2013 60 43.6807 9 33.1361 24 65.0308 65 37.054 35 72.5603 23 0 0 93.8136 125 56.4358 12 34.176 24 36.4966 37 21.0238 8 86.267 37 59.0339 85 15.8114 23 73.0274 91 29.4109 2 12.2066 9 30.0666 26
uid_009 65 63 24 20 47.5395 9 53.0377 56 78.6448 24 53.1601 52 66.7083 96 40.7922 2 93.8136 96 0 0 73.3348 5 70.0928 34 75.1332 108 83.8153 24 9 2 35.4683 33 88.6172 23 47.5184 52 65.6049 17 89.6437 9 68.6222 90
uid_010 50.5668 0 74.9533 11 75.0067 55 56.2228 53 23.3452 14 82.0244 102 65.2993 46 80.2122 57 56.4358 31 73.3348 7 0 0 24.5153 11 20.025 16 35.5106 9 64.3817 48 54.9181 46 65.2763 15 85.276 114 51.4782 19 63.0714 76 58.6941 83
uid_011 27.2029 37 79.404 92 56.8243 42 36.0555 23 9.05539 10 62.9682 1 42.2019 32 64.2573 27 34.176 22 70.0928 42 24.5153 10 0 0 7.2111 2 15.5563 21 61.4003 87 41.4367 26 41.0122 25 67.9779 79 28.0179 5 39.0512 48 34.9857 13
uid_012 34.0588 22 82.7345 91 64.0078 75 43.2666 19 4.24264 1 70.1783 98 49.0408 14 71.3092 95 36.4966 41 75.1332 54 20.025 5 7.2111 9 0 0 15.8114 14 66.2873 98 48.0521 0 45.5412 9 75.1332 32 34.8281 22 43.1856 57 41.6173 36
uid_013 29.1548 14 94.578 66 63.0635 81 41.9762 39 12.1655 4 68.0074 29 42.72 48 72.0069 41 21.0238 14 83.8153 1 35.5106 44 15.5563 4 15.8114 19 0 0 75.3923 55 52.2398 7 32.311 31 74.4648 82 29.5466 8 29.4109 6 34.6699 47
uid_014 58.0517 7 25.632 5 44.911 35 47.0106 30 69.857 50 51.3517 0 61.2944 66 40.0125 16 86.267 30 9 8 64.3817 92 61.4003 4 66.2873 51 75.3923 66 0 0 29.2062 6 82.0244 85 47.0425 47 58.7282 54 82.807 88 62.3699 46
uid_015 29.6816 7 54.2033 70 22.8473 33 17.8045 0 50.4876 72 30.4631 28 32.249 36 25.4951 6 59.0339 11 35.4683 0 54.9181 49 41.4367 16 48.0521 63 52.2398 2 29.2062 4 0 0 53.1507 7 31.241 17 30.2324 21 54.2033 61 33.2415 16
uid_016 24.2074 18 105.891 43 50.9608 20 35.805 43 43.1741 27 52.469 24 25 18 61.6847 36 15.8114 0 88.6172 43 65.2763 88 41.0122 14 45.5412 44 32.311 12 82.0244 68 53.1507 22 0 0 61 6 23.4307 14 3.60555 1 20.2485 20
uid_017 45.7056 1 71.3442 27 11.4018 0 32.573 23 76.5572 55 8.94427 2 36.2215 46 7.07107 10 73.0274 27 47.5184 38 85.276 61 67.9779 53 75.1332 18 74.4648 70 47.0425 21 31.241 22 61 42 0 0 45.5412 58 63.6396 75 43 61
uid_018 1 0 82.4621 54 34.2345 28 14.3178 0 34.6554 3 38.6005 53 14.2127 1 44 54 29.4109 12 65.6049 7 51.4782 15 28.0179 22 34.8281 25 29.5466 30 58.7282 2 30.2324 29 23.4307 31 45.5412 23 0 0 24.0832 28 7.28011 1
uid_019 24.7588 28 106.301 46 53.3667 64 37.2156 23 40.6079 7 55.2268 50 27.4591 19 64.0312 93 12.2066 13 89.6437 102 63.0714 72 39.0512 32 43.1856 20 29.4109 33 82.807 77 54.2033 47 3.60555 0 63.6396 75 24.0832 31 0 0 21.9317 0
uid_020 8.24621 9 86.8389 97 32.1403 1 15.6205 3 41.1096 45 35.2278 48 8.06226 5 42.5793 62 30.0666 32 68.6222 0 58.6941 8 34.9857 0 41.6173 9 34.6699 27 62.3699 44 33.2415 38 20.2485 10 43 28 7.28011 5 21.9317 14 0 0
bhid_000 2020-01-01T09:00:00Z
bhid_001 2020-01-01T10:00:00Z
bhid_002 2020-01-01T11:00:00Z
bhid_003 2020-01-01T12:00:00Z
bhid_004 2020-01-01T14:30:00Z
bhid_005 2020-01-01T15:30:00Z
bhid_006 2020-01-01T16:30:00Z
bhid_007 2020-01-01T17:30:00Z
bhid_008 2020-01-01T18:30:00Z
bhid_009 2020-01-02T09:00:00Z
bhid_010 2020-01-02T10:00:00Z
bhid_011 2020-01-02T11:00:00Z
bhid_012 2020-01-02T12:00:00Z
bhid_013 2020-01-02T14:30:00Z
bhid_014 2020-01-02T15:30:00Z
bhid_015 2020-01-02T16:30:00Z
bhid_016 2020-01-02T17:30:00Z
bhid_017 2020-01-02T18:30:00Z
bhid_018 2020-01-03T09:00:00Z
bhid_019 2020-01-03T10:00:00Z
bhid_020 2020-01-03T11:00:00Z
bhid_021 2020-01-03T12:00:00Z
bhid_022 2020-01-03T14:30:00Z
bhid_023 2020-01-03T15:30:00Z
bhid_024 2020-01-03T16:30:00Z
bhid_025 2020-01-03T17:30:00Z
bhid_026 2020-01-03T18:30:00Z
bhid_027 2020-01-04T09:00:00Z
bhid_028 2020-01-04T10:00:00Z
bhid_029 2020-01-04T11:00:00Z
bhid_030 2020-01-04T12:00:00Z
bhid_031 2020-01-04T14:30:00Z
bhid_032 2020-01-04T15:30:00Z
bhid_033 2020-01-04T16:30:00Z
bhid_034 2020-01-04T17:30:00Z
bhid_035 2020-01-04T18:30:00Z
bhid_036 2020-01-05T09:00:00Z
bhid_037 2020-01-05T10:00:00Z
bhid_038 2020-01-05T11:00:00Z
bhid_039 2020-01-05T12:00:00Z
bhid_040 2020-01-05T14:30:00Z
bhid_041 2020-01-05T15:30:00Z
bhid_042 2020-01-05T16:30:00Z
bhid_043 2020-01-05T17:30:00Z
bhid_044 2020-01-05T18:30:00Z
vid_000 uid_009 bhid_007 bhid_028 0 1 0 0 0 0 0 0 1 0 1 0 0 0 1 0 1 2
vid_001 uid_010 bhid_005 bhid_034 0 0 0 0 0 0 0 0 0 0 0 0 0 0 0 0 3 5
vid_002 uid_004 bhid_004 bhid_039 0 0 0 0 0 0 0 0 0 0 0 0 0 0 0 0 3 3
vid_003 uid_011 bhid_008 bhid_039 0 0 0 0 0 0 0 0 0 0 0 0 0 0 0 1 3 5
vid_004 uid_008 bhid_020 bhid_029 0 0 1 0 0 0 1 0 0 0 0 0 0 0 0 0 1 3
vid_005 uid_019 bhid_002 bhid_027 0 0 0 0 0 0 0 1 0 0 0 1 0 1 0 1 2 5
vid_006 uid_020 bhid_017 bhid_027 0 0 0 1 1 0 0 0 0 0 0 0 0 1 0 1 1 1
vid_007 uid_003 bhid_006 bhid_028 0 0 0 0 0 0 0 0 0 0 0 0 0 0 0 0 1 3
vid_008 uid_014 bhid_006 bhid_028 0 0 0 1 0 1 0 1 0 0 0 0 0 0 1 0 3 1
vid_009 uid_007 bhid_003 bhid_022 0 0 0 0 0 0 1 1 0 0 1 0 0 0 0 0 1 2
vid_010 uid_000 bhid_001 bhid_039 0 0 0 1 0 0 0 1 1 0 1 0 0 1 0 0 2 5
vid_011 uid_012 bhid_008 bhid_033 0 0 0 0 0 0 0 0 0 0 0 1 1 0 1 0 2 3
vid_012 uid_013 bhid_017 bhid_025 1 0 0 0 0 1 0 0 0 0 1 0 0 1 1 0 2 1
vid_013 uid_017 bhid_002 bhid_039 0 0 0 0 0 0 0 0 0 1 0 0 1 0 1 0 1 1
vid_014 uid_005 bhid_007 bhid_041 1 0 0 0 0 0 1 0 0 0 1 0 0 0 1 0 1 3
vid_015 uid_001 bhid_011 bhid_022 0 0 0 0 1 0 1 0 1 1 0 0 0 0 0 1 3 5
vid_016 uid_006 bhid_002 bhid_030 0 0 0 0 0 0 0 0 0 1 0 0 0 0 0 1 1 4
vid_017 uid_015 bhid_015 bhid_032 0 0 0 0 0 0 1 0 0 0 0 0 1 1 0 0 3 2
vid_018 uid_016 bhid_011 bhid_031 0 0 1 0 0 0 0 1 0 0 0 0 0 0 0 0 2 5
vid_019 uid_002 bhid_005 bhid_039 0 0 0 0 0 1 0 0 1 0 0 0 0 0 0 0 2 3
