30 70
0 1 20 1
0 2 20 1
0 3 20 1
0 4 20 1
0 5 20 1
0 6 20 1
0 7 20 1
0 8 20 1
1 9 1 1
2 9 1 1
4 9 1 1
2 10 1 1
2 11 1 1
3 11 1 1
2 12 1 1
1 13 1 1
2 13 1 1
4 13 1 1
1 14 1 1
2 14 1 1
1 15 1 1
3 15 1 1
1 16 1 1
2 16 1 1
4 16 1 1
1 17 1 1
1 18 1 1
2 18 1 1
4 18 1 1
2 19 1 1
3 19 1 1
2 20 1 1
3 20 1 1
3 21 1 1
1 22 1 1
2 22 1 1
3 22 1 1
1 23 1 1
2 23 1 1
3 23 1 1
4 24 1 1
3 25 1 1
4 25 1 1
1 26 1 1
2 26 1 1
3 26 1 1
4 26 1 1
3 27 1 1
4 27 1 1
4 28 1 1
9 29 1 1
10 29 1 1
11 29 1 1
12 29 1 1
13 29 1 1
14 29 1 1
15 29 1 1
16 29 1 1
17 29 1 1
18 29 1 1
19 29 1 1
20 29 1 1
21 29 1 1
22 29 1 1
23 29 1 1
24 29 1 1
25 29 1 1
26 29 1 1
27 29 1 1
28 29 1 1
0 20
1 0
2 0
3 0
4 0
5 0
6 0
7 0
8 0
9 0
10 0
11 0
12 0
13 0
14 0
15 0
16 0
17 0
18 0
19 0
20 0
21 0
22 0
23 0
24 0
25 0
26 0
27 0
28 0
29 -20
