5 4 10 200 15 10 1000 
pid_000 5 0 0 0 0 1 1 1 1 1 1 1 1 1 1 1 1 1 1 1 1 1 1 1 1 1 1 1 1 1 1 1 1 1 1 1 1 1 1 1 1 1 1 1 1 1 1 1 1 1 1 1 1 1 1 1 1 1 1 1 1 1 1 1 1 1 1 1 1 1 1 1 1 1 0 0 1 1 1 1 1 1 1 1 1 1 1 1 1 1 1 1 1 1 1 1 1 1 1 1 1 1 1 1 1 1 1 1 1 1 1 1 1 1 1 1 1 1 1 1 1 1 1 1 1 1 1 1 1 1 1 1 1 1 1 1 1 1 1 1 1 1 1 1 1 1 1 1 1 1 1 1 1 1 1 1 1 1 1 1 1 1 1 1 1 1 1 1 1 1 1 1 1 1 1 1 1 1 1 1 1 1 1 1 1 1 1 1 1 1 1 1 1 1 1 1 1 1 1 1 1 1 1 1 1 1 1 1 1 1 1 1 0 0 1 1
pid_001 4 0 0 0 0 0 1 1 1 1 1 1 1 1 1 1 1 1 1 1 1 1 1 1 1 1 1 1 1 1 1 1 1 1 1 1 1 1 1 1 1 1 1 1 1 1 1 1 1 1 1 1 1 1 1 1 1 1 1 1 1 1 1 1 1 1 1 1 1 1 0 0 0 1 1 1 1 1 1 1 1 1 1 1 1 1 0 0 0 0 0 0 0 0 1 1 1 1 1 1 1 1 1 1 1 1 1 1 1 1 1 1 1 1 1 1 1 1 1 1 1 1 1 1 1 1 1 1 1 1 1 1 1 0 0 0 0 0 0 0 0 0 1 1 1 1 1 1 1 1 1 1 1 1 1 1 1 1 1 0 0 0 0 0 0 0 0 0 1 1 1 1 1 1 1 1 1 1 1 1 1 1 1 1 1 1 1 1 1 1 1 1 1 1 1 1 1 1 1 1 1 1 1 1 1 1 1 0 0 0 1 1 1 0 1 1
pid_002 6 0 0 1 1 1 1 1 1 1 1 1 0 0 1 1 1 1 1 1 1 1 1 1 1 1 1 1 1 1 1 0 1 1 1 1 1 1 1 1 1 1 1 1 1 1 1 1 1 1 1 0 0 0 0 0 0 0 0 1 1 1 1 1 1 1 1 1 1 1 1 1 1 1 1 1 1 1 1 1 1 1 1 1 1 1 1 1 1 1 1 1 1 1 1 0 0 1 1 1 1 1 1 1 1 0 0 0 0 0 1 1 1 1 1 1 1 1 1 1 1 1 1 1 1 1 1 1 1 1 1 1 1 1 1 1 1 1 1 1 1 1 1 1 1 1 1 1 1 1 1 1 1 1 1 1 1 1 1 1 1 1 1 1 1 1 1 1 1 1 1 1 1 1 1 1 1 1 1 1 1 1 1 1 1 1 1 1 1 1 1 1 1 1 1 1 1 1 1 1 1 1 1 1 1 1 1 1 0 0 1 1 0 1 1 1
pid_003 6 0 0 0 0 0 0 1 1 1 1 1 1 1 1 1 1 1 1 1 1 1 1 1 1 1 1 1 1 1 1 1 1 1 1 1 1 1 1 1 1 1 1 1 0 0 0 1 1 1 1 1 1 1 1 0 0 0 0 0 0 0 0 0 0 0 0 0 1 1 1 1 1 1 1 1 0 0 1 1 1 1 1 1 1 1 1 1 1 1 1 1 1 1 1 1 1 1 1 1 1 1 1 1 1 1 0 0 0 0 0 1 1 1 1 1 1 1 1 0 0 0 0 0 1 1 1 1 1 1 1 1 1 1 1 1 1 1 1 1 1 1 0 0 0 0 0 0 1 1 1 1 1 1 1 1 1 1 1 1 1 1 1 1 1 1 1 1 1 1 1 1 1 1 1 1 1 1 0 0 0 0 0 0 0 0 0 0 0 0 0 1 1 1 1 1 1 1 1 1 1 1 1 1 1 1 1 1 0 0 1 1 1 0 1 1
pid_004 7 0 0 0 0 0 0 0 0 0 0 0 0 0 0 0 1 1 1 1 1 1 1 1 1 1 1 1 1 1 1 1 1 1 1 1 1 0 0 0 0 0 0 0 0 0 0 0 0 1 1 1 1 1 1 1 1 1 1 1 1 1 1 1 1 1 1 1 1 1 0 0 0 0 0 0 0 0 0 0 0 0 0 0 0 0 1 1 1 1 1 1 1 1 1 1 1 1 1 1 1 0 0 0 1 1 1 1 1 1 1 1 1 1 1 0 0 0 0 0 0 0 0 0 0 0 1 1 1 1 1 1 1 1 0 0 1 1 1 1 1 1 1 1 1 0 0 0 0 0 0 1 1 1 1 1 1 1 1 1 1 1 1 1 1 1 1 1 1 1 1 1 1 1 1 0 0 0 0 1 1 1 1 1 1 1 1 0 0 0 0 0 0 0 0 0 0 0 0 0 0 1 1 1 1 1 0 1 1 1 1 1 1 0 1 0
veid_000 6 179
veid_001 6 243
veid_002 5 179
veid_003 9 293
uid_000 0 0 71.1688 81 34.0588 33 56.4358 20 33.7343 42 81.0555 102 69.6563 42 38.8973 57 70.5762 105 26.8328 23
uid_001 71.1688 41 0 0 69.7209 53 20.2485 5 82.7587 44 30.4138 5 37.8021 39 46.8615 64 33.1361 5 56.0803 20
uid_002 34.0588 32 69.7209 50 0 0 63.9766 88 67.6018 81 90.8735 115 50.1597 35 60.3075 22 83.863 93 52.8394 19
uid_003 56.4358 10 20.2485 1 63.9766 0 0 0 63.2535 60 26.9258 8 48.5077 69 26.8701 1 21.2603 17 37.2156 53
uid_004 33.7343 31 82.7587 115 67.6018 20 63.2535 44 0 0 79.8499 108 94.541 85 36.6197 9 67.4166 16 27.0185 2
uid_005 81.0555 93 30.4138 36 90.8735 121 26.9258 38 79.8499 10 0 0 67.9559 14 44.911 37 12.53 5 57.7062 76
uid_006 69.6563 14 37.8021 23 50.1597 20 48.5077 10 94.541 27 67.9559 25 0 0 66.3702 15 68.1542 29 68.9638 91
uid_007 38.8973 26 46.8615 18 60.3075 13 26.8701 26 36.6197 40 44.911 18 66.3702 90 0 0 33.1361 39 13 1
uid_008 70.5762 41 33.1361 27 83.863 30 21.2603 9 67.4166 86 12.53 6 68.1542 34 33.1361 0 0 0 46.0977 43
uid_009 26.8328 9 56.0803 60 52.8394 4 37.2156 48 27.0185 35 57.7062 51 68.9638 11 13 10 46.0977 52 0 0
bhid_000 2020-01-01T09:00:00Z
bhid_001 2020-01-01T09:15:00Z
bhid_002 2020-01-01T09:30:00Z
bhid_003 2020-01-01T09:45:00Z
bhid_004 2020-01-01T10:00:00Z
bhid_005 2020-01-01T10:15:00Z
bhid_006 2020-01-01T10:30:00Z
bhid_007 2020-01-01T10:45:00Z
bhid_008 2020-01-01T11:00:00Z
bhid_009 2020-01-01T11:15:00Z
bhid_010 2020-01-01T11:30:00Z
bhid_011 2020-01-01T11:45:00Z
bhid_012 2020-01-01T12:00:00Z
bhid_013 2020-01-01T12:15:00Z
bhid_014 2020-01-01T12:30:00Z
bhid_015 2020-01-01T14:15:00Z
bhid_016 2020-01-01T14:30:00Z
bhid_017 2020-01-01T14:45:00Z
bhid_018 2020-01-01T15:00:00Z
bhid_019 2020-01-01T15:15:00Z
bhid_020 2020-01-01T15:30:00Z
bhid_021 2020-01-01T15:45:00Z
bhid_022 2020-01-01T16:00:00Z
bhid_023 2020-01-01T16:15:00Z
bhid_024 2020-01-01T16:30:00Z
bhid_025 2020-01-01T16:45:00Z
bhid_026 2020-01-01T17:00:00Z
bhid_027 2020-01-01T17:15:00Z
bhid_028 2020-01-01T17:30:00Z
bhid_029 2020-01-01T17:45:00Z
bhid_030 2020-01-01T18:00:00Z
bhid_031 2020-01-01T18:15:00Z
bhid_032 2020-01-01T18:30:00Z
bhid_033 2020-01-01T18:45:00Z
bhid_034 2020-01-02T09:00:00Z
bhid_035 2020-01-02T09:15:00Z
bhid_036 2020-01-02T09:30:00Z
bhid_037 2020-01-02T09:45:00Z
bhid_038 2020-01-02T10:00:00Z
bhid_039 2020-01-02T10:15:00Z
bhid_040 2020-01-02T10:30:00Z
bhid_041 2020-01-02T10:45:00Z
bhid_042 2020-01-02T11:00:00Z
bhid_043 2020-01-02T11:15:00Z
bhid_044 2020-01-02T11:30:00Z
bhid_045 2020-01-02T11:45:00Z
bhid_046 2020-01-02T12:00:00Z
bhid_047 2020-01-02T12:15:00Z
bhid_048 2020-01-02T12:30:00Z
bhid_049 2020-01-02T14:15:00Z
bhid_050 2020-01-02T14:30:00Z
bhid_051 2020-01-02T14:45:00Z
bhid_052 2020-01-02T15:00:00Z
bhid_053 2020-01-02T15:15:00Z
bhid_054 2020-01-02T15:30:00Z
bhid_055 2020-01-02T15:45:00Z
bhid_056 2020-01-02T16:00:00Z
bhid_057 2020-01-02T16:15:00Z
bhid_058 2020-01-02T16:30:00Z
bhid_059 2020-01-02T16:45:00Z
bhid_060 2020-01-02T17:00:00Z
bhid_061 2020-01-02T17:15:00Z
bhid_062 2020-01-02T17:30:00Z
bhid_063 2020-01-02T17:45:00Z
bhid_064 2020-01-02T18:00:00Z
bhid_065 2020-01-02T18:15:00Z
bhid_066 2020-01-02T18:30:00Z
bhid_067 2020-01-02T18:45:00Z
bhid_068 2020-01-03T09:00:00Z
bhid_069 2020-01-03T09:15:00Z
bhid_070 2020-01-03T09:30:00Z
bhid_071 2020-01-03T09:45:00Z
bhid_072 2020-01-03T10:00:00Z
bhid_073 2020-01-03T10:15:00Z
bhid_074 2020-01-03T10:30:00Z
bhid_075 2020-01-03T10:45:00Z
bhid_076 2020-01-03T11:00:00Z
bhid_077 2020-01-03T11:15:00Z
bhid_078 2020-01-03T11:30:00Z
bhid_079 2020-01-03T11:45:00Z
bhid_080 2020-01-03T12:00:00Z
bhid_081 2020-01-03T12:15:00Z
bhid_082 2020-01-03T12:30:00Z
bhid_083 2020-01-03T14:15:00Z
bhid_084 2020-01-03T14:30:00Z
bhid_085 2020-01-03T14:45:00Z
bhid_086 2020-01-03T15:00:00Z
bhid_087 2020-01-03T15:15:00Z
bhid_088 2020-01-03T15:30:00Z
bhid_089 2020-01-03T15:45:00Z
bhid_090 2020-01-03T16:00:00Z
bhid_091 2020-01-03T16:15:00Z
bhid_092 2020-01-03T16:30:00Z
bhid_093 2020-01-03T16:45:00Z
bhid_094 2020-01-03T17:00:00Z
bhid_095 2020-01-03T17:15:00Z
bhid_096 2020-01-03T17:30:00Z
bhid_097 2020-01-03T17:45:00Z
bhid_098 2020-01-03T18:00:00Z
bhid_099 2020-01-03T18:15:00Z
bhid_100 2020-01-03T18:30:00Z
bhid_101 2020-01-03T18:45:00Z
bhid_102 2020-01-04T09:00:00Z
bhid_103 2020-01-04T09:15:00Z
bhid_104 2020-01-04T09:30:00Z
bhid_105 2020-01-04T09:45:00Z
bhid_106 2020-01-04T10:00:00Z
bhid_107 2020-01-04T10:15:00Z
bhid_108 2020-01-04T10:30:00Z
bhid_109 2020-01-04T10:45:00Z
bhid_110 2020-01-04T11:00:00Z
bhid_111 2020-01-04T11:15:00Z
bhid_112 2020-01-04T11:30:00Z
bhid_113 2020-01-04T11:45:00Z
bhid_114 2020-01-04T12:00:00Z
bhid_115 2020-01-04T12:15:00Z
bhid_116 2020-01-04T12:30:00Z
bhid_117 2020-01-04T14:15:00Z
bhid_118 2020-01-04T14:30:00Z
bhid_119 2020-01-04T14:45:00Z
bhid_120 2020-01-04T15:00:00Z
bhid_121 2020-01-04T15:15:00Z
bhid_122 2020-01-04T15:30:00Z
bhid_123 2020-01-04T15:45:00Z
bhid_124 2020-01-04T16:00:00Z
bhid_125 2020-01-04T16:15:00Z
bhid_126 2020-01-04T16:30:00Z
bhid_127 2020-01-04T16:45:00Z
bhid_128 2020-01-04T17:00:00Z
bhid_129 2020-01-04T17:15:00Z
bhid_130 2020-01-04T17:30:00Z
bhid_131 2020-01-04T17:45:00Z
bhid_132 2020-01-04T18:00:00Z
bhid_133 2020-01-04T18:15:00Z
bhid_134 2020-01-04T18:30:00Z
bhid_135 2020-01-04T18:45:00Z
bhid_136 2020-01-05T09:00:00Z
bhid_137 2020-01-05T09:15:00Z
bhid_138 2020-01-05T09:30:00Z
bhid_139 2020-01-05T09:45:00Z
bhid_140 2020-01-05T10:00:00Z
bhid_141 2020-01-05T10:15:00Z
bhid_142 2020-01-05T10:30:00Z
bhid_143 2020-01-05T10:45:00Z
bhid_144 2020-01-05T11:00:00Z
bhid_145 2020-01-05T11:15:00Z
bhid_146 2020-01-05T11:30:00Z
bhid_147 2020-01-05T11:45:00Z
bhid_148 2020-01-05T12:00:00Z
bhid_149 2020-01-05T12:15:00Z
bhid_150 2020-01-05T12:30:00Z
bhid_151 2020-01-05T14:15:00Z
bhid_152 2020-01-05T14:30:00Z
bhid_153 2020-01-05T14:45:00Z
bhid_154 2020-01-05T15:00:00Z
bhid_155 2020-01-05T15:15:00Z
bhid_156 2020-01-05T15:30:00Z
bhid_157 2020-01-05T15:45:00Z
bhid_158 2020-01-05T16:00:00Z
bhid_159 2020-01-05T16:15:00Z
bhid_160 2020-01-05T16:30:00Z
bhid_161 2020-01-05T16:45:00Z
bhid_162 2020-01-05T17:00:00Z
bhid_163 2020-01-05T17:15:00Z
bhid_164 2020-01-05T17:30:00Z
bhid_165 2020-01-05T17:45:00Z
bhid_166 2020-01-05T18:00:00Z
bhid_167 2020-01-05T18:15:00Z
bhid_168 2020-01-05T18:30:00Z
bhid_169 2020-01-05T18:45:00Z
bhid_170 2020-01-06T09:00:00Z
bhid_171 2020-01-06T09:15:00Z
bhid_172 2020-01-06T09:30:00Z
bhid_173 2020-01-06T09:45:00Z
bhid_174 2020-01-06T10:00:00Z
bhid_175 2020-01-06T10:15:00Z
bhid_176 2020-01-06T10:30:00Z
bhid_177 2020-01-06T10:45:00Z
bhid_178 2020-01-06T11:00:00Z
bhid_179 2020-01-06T11:15:00Z
bhid_180 2020-01-06T11:30:00Z
bhid_181 2020-01-06T11:45:00Z
bhid_182 2020-01-06T12:00:00Z
bhid_183 2020-01-06T12:15:00Z
bhid_184 2020-01-06T12:30:00Z
bhid_185 2020-01-06T14:15:00Z
bhid_186 2020-01-06T14:30:00Z
bhid_187 2020-01-06T14:45:00Z
bhid_188 2020-01-06T15:00:00Z
bhid_189 2020-01-06T15:15:00Z
bhid_190 2020-01-06T15:30:00Z
bhid_191 2020-01-06T15:45:00Z
bhid_192 2020-01-06T16:00:00Z
bhid_193 2020-01-06T16:15:00Z
bhid_194 2020-01-06T16:30:00Z
bhid_195 2020-01-06T16:45:00Z
bhid_196 2020-01-06T17:00:00Z
bhid_197 2020-01-06T17:15:00Z
bhid_198 2020-01-06T17:30:00Z
bhid_199 2020-01-06T17:45:00Z
vid_000 uid_002 bhid_053 bhid_135 0 0 1 1 0 1 0 1 1 10 2 1
vid_001 uid_000 bhid_030 bhid_137 0 1 1 1 0 1 1 0 0 1 4 1
vid_002 uid_003 bhid_076 bhid_181 1 1 0 1 1 0 1 1 1 10 4 1
vid_003 uid_001 bhid_010 bhid_116 0 1 0 0 1 1 0 1 1 5 3 1
vid_004 uid_007 bhid_061 bhid_129 0 1 1 1 0 1 1 0 1 11 1 1
vid_005 uid_006 bhid_049 bhid_107 1 0 0 1 1 0 1 1 1 5 1 1
vid_006 uid_004 bhid_028 bhid_152 0 0 1 0 1 1 0 0 1 9 4 1
vid_007 uid_009 bhid_071 bhid_115 1 0 1 0 1 0 1 0 0 11 3 1
vid_008 uid_005 bhid_001 bhid_146 0 1 1 1 1 1 1 1 0 2 5 1
vid_009 uid_008 bhid_041 bhid_104 1 0 1 0 0 0 1 1 1 3 1 1
