15 5 20 200 15 15 1000 
pid_000 5 1 1 1 1 1 1 1 1 1 1 1 1 1 1 1 1 1 1 1 1 1 1 1 1 1 1 1 1 1 1 1 1 1 1 1 1 1 1 1 1 1 1 1 1 1 1 1 1 1 1 1 1 1 1 1 1 1 1 1 1 1 1 1 1 1 1 1 1 1 1 1 1 1 1 0 0 0 0 1 1 1 1 1 1 1 1 1 1 1 1 1 1 1 0 0 0 0 0 0 0 1 1 1 1 1 1 1 1 0 0 0 0 1 1 1 1 1 1 1 1 1 1 1 1 1 1 1 1 1 1 1 1 1 1 1 1 1 1 1 1 1 1 1 1 1 1 1 1 1 1 1 1 1 1 1 1 1 1 1 1 1 1 1 1 1 1 1 1 1 1 1 1 1 1 1 1 1 1 1 1 1 1 1 1 1 1 1 1 1 1 1 1 1 1 1 1 1 1 0 1 1 1 0 1 1 0 1 1 1 1 1 1 1 1 0 1 1 0 1 1 1 0 1 1 1 0 1 1 1 1
pid_001 6 0 0 0 0 0 0 0 0 0 0 0 0 0 0 0 0 0 0 0 0 0 1 1 1 1 1 1 1 1 1 1 1 1 1 0 0 1 1 1 1 1 1 1 1 1 1 1 1 1 1 1 1 1 1 1 1 1 1 1 1 1 1 1 1 1 0 0 0 1 1 1 1 1 1 1 1 0 0 0 0 0 0 0 0 0 0 0 0 1 1 1 1 1 1 1 1 1 1 0 0 0 0 0 0 0 1 1 1 1 1 1 1 1 1 1 1 1 1 1 1 0 0 1 1 1 1 1 1 1 1 0 0 0 0 0 0 1 1 1 1 1 1 1 1 1 1 1 1 1 1 1 1 1 1 1 1 1 1 1 1 1 1 1 1 1 1 1 1 1 1 1 1 1 1 1 1 0 1 1 1 1 1 1 1 1 1 1 0 0 0 0 1 1 1 1 1 1 1 1 1 0 1 1 0 1 1 1 1 1 1 1 1 1 1 1 1 1 1 1 1 0 1 1 1 1 1 1 1 1 1
pid_002 9 0 0 0 0 0 1 1 1 1 1 1 1 1 1 1 1 1 1 1 1 1 1 1 1 1 1 1 1 1 1 1 1 1 1 1 1 1 1 1 1 1 1 1 1 1 1 1 1 1 1 1 1 1 1 1 1 1 1 1 1 1 1 1 1 1 1 1 1 1 1 1 1 1 1 1 1 1 1 1 1 1 1 1 1 1 1 1 1 1 1 1 1 1 1 1 1 1 1 1 1 1 1 1 1 1 1 1 1 1 1 1 1 1 1 1 1 1 1 1 1 1 1 1 1 1 1 1 1 1 1 1 1 1 1 1 1 1 1 1 1 1 1 1 1 1 1 1 1 1 0 0 0 0 1 1 1 1 1 1 1 1 1 1 1 1 1 1 1 1 1 1 1 1 1 1 1 1 1 1 1 1 1 1 1 1 1 1 1 1 1 1 1 1 1 1 1 1 1 1 1 1 1 1 1 0 1 1 1 1 1 1 1 1 1 1 1 1 1 1 1 1 0 0 0 0 1 1 1 1 1
pid_003 14 0 0 0 0 0 0 0 0 0 0 0 0 0 0 0 0 0 0 0 0 0 0 0 1 1 1 1 1 1 1 1 1 0 0 1 1 1 1 1 1 1 1 1 1 1 1 1 1 1 1 1 1 1 1 1 1 1 1 0 0 1 1 1 1 1 1 1 1 1 1 1 1 0 1 1 1 1 1 1 1 1 0 0 0 0 0 0 0 0 0 0 1 1 1 1 1 1 1 1 0 0 0 0 0 0 0 0 1 1 1 1 1 1 1 1 0 0 0 0 0 0 0 1 1 1 1 1 1 1 1 1 1 1 1 1 1 1 1 1 1 1 1 1 0 0 0 0 0 0 0 0 0 0 0 0 0 0 0 0 0 0 0 0 0 0 1 1 1 1 1 1 1 1 1 0 0 0 0 0 0 0 0 0 0 1 1 1 1 1 1 1 1 0 0 0 0 0 1 1 1 0 1 1 1 0 1 1 1 1 1 1 0 1 1 1 1 1 1 1 1 1 1 1 0 1 1 1 0 1 1
pid_004 13 0 1 1 1 1 1 1 1 1 1 1 1 1 1 1 1 1 1 1 1 1 1 1 1 1 1 0 0 0 0 1 1 1 1 1 1 1 1 1 0 1 1 1 1 1 1 1 1 1 1 1 1 1 1 1 1 1 1 1 0 0 0 0 0 0 0 0 0 0 1 1 1 1 1 1 1 1 1 1 1 1 1 1 1 1 1 1 1 1 1 1 1 0 0 1 1 1 1 1 1 1 1 1 1 1 1 1 1 1 1 1 1 1 1 1 1 1 1 1 1 1 1 1 1 1 1 1 1 1 1 1 1 1 1 1 1 1 1 1 1 0 0 0 1 1 1 1 1 1 1 1 0 0 0 1 1 1 1 1 1 1 1 1 1 1 0 0 0 1 1 1 1 1 1 1 1 1 1 1 0 1 1 1 1 1 1 1 1 1 1 1 1 1 1 1 1 1 1 1 1 1 1 1 1 1 0 1 1 0 1 1 1 1 0 0 1 1 1 1 0 1 1 1 1 0 1 1 1 1 1
pid_005 3 0 1 1 1 1 1 1 1 1 1 1 1 1 1 1 0 0 0 0 0 0 0 0 0 0 0 0 0 1 1 1 1 1 1 1 1 1 1 1 0 0 1 1 1 1 1 1 1 1 1 1 1 1 1 1 1 1 1 1 1 1 1 1 1 1 1 1 1 1 1 1 1 1 1 1 1 1 1 1 1 1 1 1 1 1 1 1 1 1 1 1 1 1 1 1 1 1 1 1 0 0 1 1 1 1 1 1 1 1 1 1 1 1 1 1 0 0 0 0 1 1 1 1 1 1 1 1 1 1 0 0 0 0 0 0 0 0 0 1 1 1 1 1 1 1 1 1 1 1 1 1 1 1 0 0 0 0 0 1 1 1 1 1 1 1 1 1 1 1 1 1 1 1 1 1 1 1 1 1 1 1 1 1 1 1 1 1 1 1 1 1 1 1 1 1 1 1 1 1 1 1 1 0 0 1 1 1 0 1 1 0 1 0 1 1 1 0 1 0 1 1 1 1 0 0 1 1 1 1 1
pid_006 7 0 0 1 1 1 1 1 1 1 1 1 1 1 0 0 0 0 0 0 0 0 0 1 1 1 1 1 1 1 1 1 1 1 1 0 0 0 1 1 1 1 1 1 1 1 1 1 1 1 1 1 1 1 0 0 0 0 0 0 0 0 0 0 0 0 1 1 1 1 1 1 1 1 1 1 1 1 1 1 0 0 0 0 0 0 0 0 0 0 1 1 1 1 1 1 1 1 0 0 0 0 0 0 0 0 0 0 0 0 0 0 0 0 0 0 0 0 0 0 1 1 1 1 1 1 1 1 1 1 1 0 0 0 0 0 0 0 0 0 0 0 1 1 1 1 1 1 1 1 1 1 1 1 1 1 1 1 1 1 1 1 1 1 1 1 1 1 1 1 1 1 1 0 0 0 1 1 1 1 1 1 1 1 1 0 0 0 1 1 1 1 1 1 1 1 1 1 1 1 1 1 1 1 1 0 1 1 1 1 0 1 1 0 1 1 1 1 0 1 0 1 1 1 1 0 1 1 1 1 1
pid_007 5 0 0 1 1 1 1 1 1 1 1 1 1 1 1 1 1 1 1 1 1 1 0 0 0 0 0 0 0 0 0 0 0 0 0 0 0 0 0 0 0 0 0 0 0 0 0 0 1 1 1 1 1 1 1 1 0 0 1 1 1 1 1 1 1 1 1 1 0 1 1 1 1 1 1 1 1 1 1 1 1 1 0 0 1 1 1 1 1 1 1 1 1 1 1 1 1 1 1 1 1 1 1 1 1 0 1 1 1 1 1 1 1 1 1 1 1 0 0 1 1 1 1 1 1 1 1 1 1 1 1 1 1 1 1 1 1 1 1 1 1 1 1 1 1 1 1 1 0 0 0 0 0 0 0 0 0 0 1 1 1 1 1 1 1 1 1 1 1 1 1 1 1 1 1 1 1 1 1 1 1 1 1 1 1 1 1 1 1 1 1 1 1 1 1 1 1 1 1 1 1 1 1 1 1 1 1 1 1 1 1 1 1 1 1 1 0 1 0 1 1 0 1 0 1 1 1 1 1 1 0
pid_008 3 0 0 0 0 1 1 1 1 1 1 1 1 1 1 1 1 1 1 1 1 1 1 0 0 0 0 0 0 1 1 1 1 1 1 1 1 0 0 1 1 1 1 1 1 1 1 1 1 1 1 1 1 1 0 0 0 0 0 0 0 0 0 0 0 0 0 1 1 1 1 1 1 1 1 1 0 1 1 1 1 1 1 1 1 1 1 1 1 1 1 1 1 1 1 1 1 1 1 1 1 1 1 1 1 1 1 1 0 1 1 1 1 1 1 1 1 1 1 1 1 0 0 0 1 1 1 1 1 1 1 1 1 1 1 1 1 1 1 1 1 1 1 1 1 1 1 1 1 1 1 1 1 1 1 1 1 1 1 0 1 1 1 1 1 1 1 1 1 1 1 1 1 1 1 1 1 1 1 1 1 1 1 1 1 1 1 1 1 1 1 1 0 0 0 0 0 0 0 1 1 1 1 0 1 1 1 1 1 1 1 1 1 1 1 1 1 1 1 1 1 1 1 1 1 1 1 1 1 1 0
pid_009 7 0 0 0 0 1 1 1 1 1 1 1 1 0 0 0 0 0 0 0 0 1 1 1 1 1 1 1 1 1 1 1 1 1 0 0 1 1 1 1 1 1 1 1 0 0 0 0 0 0 1 1 1 1 1 1 1 1 0 0 0 0 0 0 0 0 0 0 0 0 0 0 0 0 0 0 0 1 1 1 1 1 1 1 1 0 0 0 0 0 0 0 0 0 0 0 0 0 0 0 0 1 1 1 1 1 1 1 1 1 1 1 1 1 1 0 0 0 1 1 1 1 1 1 1 1 1 0 0 0 0 0 0 1 1 1 1 1 1 1 1 0 0 0 0 0 0 0 0 0 0 0 0 0 0 0 0 0 0 0 0 0 0 0 0 0 1 1 1 1 1 1 1 1 1 1 1 1 1 1 1 1 1 1 1 1 1 1 1 1 1 1 1 0 0 0 0 0 0 0 0 1 1 1 1 1 1 0 0 0 1 1 1 1 1 1 1 1 1 1 1 1 1 1 1 1 1 1 1 1 1
pid_010 3 0 0 0 0 0 0 0 0 0 0 0 1 1 1 1 1 1 1 1 0 0 0 0 0 0 0 1 1 1 1 1 1 1 1 0 0 1 1 1 1 1 1 1 1 1 1 1 1 1 1 1 1 1 1 1 1 0 0 0 0 0 0 0 0 0 1 1 1 1 1 1 1 1 0 0 0 0 1 1 1 1 1 1 1 1 1 1 1 1 1 1 1 0 0 0 0 1 1 1 1 1 1 1 1 0 0 1 1 1 1 1 1 1 1 0 0 0 0 0 0 1 1 1 1 1 1 1 1 1 0 0 0 0 0 0 0 1 1 1 1 1 1 1 1 1 1 1 1 1 1 1 0 1 1 1 1 1 1 1 1 0 0 1 1 1 1 1 1 1 1 1 1 1 1 1 1 1 1 1 1 1 1 1 1 1 1 0 0 0 0 0 0 0 0 0 0 0 0 0 1 1 1 1 1 1 1 1 1 1 1 1 1 0 1 1 0 1 1 1 1 0 1 1 1 1 1 0 1 1 1
pid_011 11 0 1 1 1 1 1 1 1 1 1 1 1 1 1 1 1 1 1 1 1 1 1 1 1 1 1 1 1 1 1 1 1 1 1 1 1 1 1 1 1 1 1 1 1 1 1 1 1 1 1 1 1 1 1 1 1 1 1 1 1 1 1 1 1 1 1 1 1 1 1 1 1 1 1 1 1 1 1 1 1 1 1 1 1 1 1 1 1 1 1 1 1 1 1 1 1 1 1 1 1 1 1 1 1 1 1 1 1 1 1 1 1 1 1 1 1 1 1 1 1 1 1 1 1 1 1 1 1 1 1 1 1 1 1 1 1 1 1 1 1 1 1 1 1 1 1 1 1 1 1 1 0 0 0 0 0 0 1 1 1 1 1 1 1 1 1 1 1 1 1 1 1 1 1 1 1 1 1 1 1 1 1 1 1 1 1 1 1 1 1 1 1 1 1 1 1 1 1 1 1 1 1 1 1 1 1 1 1 1 1 1 1 1 1 1 1 1 1 1 1 1 1 1 0 1 1 0 1 1 1
pid_012 13 1 1 1 1 1 1 1 1 1 1 1 1 1 1 1 1 1 1 1 1 1 1 1 1 1 1 1 1 1 1 1 1 1 1 1 1 1 1 1 1 1 1 1 1 1 1 1 1 1 1 1 1 1 1 1 1 1 1 1 1 1 1 1 1 1 1 1 1 1 1 1 1 1 1 1 1 1 1 1 1 1 1 1 1 1 1 1 1 1 1 1 0 1 1 1 1 1 1 1 1 1 1 1 1 1 1 1 1 1 1 1 1 1 1 1 1 1 1 1 1 1 1 1 1 1 1 1 1 1 1 1 1 1 1 1 1 1 1 1 1 1 1 1 1 1 1 1 1 1 1 1 1 1 1 1 1 1 1 1 1 1 1 1 1 1 1 1 1 1 1 1 1 1 1 1 1 1 1 1 1 1 1 1 1 1 1 1 1 1 1 1 1 1 1 1 1 1 1 1 1 1 1 1 1 1 1 1 0 0 1 1 0 1 1 1 1 0 1 1 1 1 0 1 1 1 1 1 1 1 1
pid_013 8 0 1 1 1 1 1 1 1 1 1 1 1 1 1 1 1 1 1 1 1 1 1 1 1 1 1 1 1 1 1 1 1 1 1 1 1 1 1 1 1 1 1 1 1 1 1 1 1 1 1 1 1 1 1 1 1 1 1 1 1 1 1 1 1 1 1 1 1 0 0 1 1 1 1 1 1 1 1 1 1 1 1 1 1 1 1 1 1 1 1 1 1 1 1 1 1 1 1 1 1 1 1 1 1 1 1 1 1 1 1 0 0 0 0 1 1 1 1 1 1 1 1 1 0 1 1 1 1 1 1 1 1 1 1 1 1 1 1 1 1 1 1 1 1 1 1 1 1 1 1 1 1 1 1 1 0 1 1 1 1 1 1 1 1 0 0 0 0 1 1 1 1 1 1 1 1 1 1 1 1 1 1 1 1 1 1 1 1 1 1 1 1 1 1 1 1 1 1 1 1 1 1 1 1 1 1 1 1 0 0 1 0 0 1 0 0 0 0 1 1 0 1 1 1 1 1 1 1 1 1
pid_014 3 0 0 0 0 1 1 1 1 1 1 1 1 1 1 1 1 1 1 0 0 0 0 0 0 0 0 0 0 0 0 0 0 0 0 0 0 0 0 0 0 0 0 0 0 0 0 0 0 0 1 1 1 1 1 1 1 1 1 1 1 1 0 1 1 1 1 1 1 1 1 1 1 1 1 1 1 1 1 1 1 1 1 1 1 1 1 1 1 1 1 1 1 1 1 1 1 1 1 1 1 1 1 1 1 1 1 1 1 1 1 1 1 1 1 1 1 1 1 1 1 1 1 1 1 1 1 1 1 1 1 1 1 1 1 1 1 1 1 1 1 1 1 1 1 1 1 1 1 1 1 1 1 1 1 1 1 1 1 1 1 0 0 1 1 1 1 1 1 1 1 1 1 1 1 1 0 0 0 0 1 1 1 1 1 1 1 1 1 1 1 1 1 1 1 1 1 1 1 1 1 1 1 1 1 1 1 1 1 1 1 1 1 1 1 1 1 1 1 0 1 1 1 1 1 1 1 1 1 1 1
veid_000 3 162
veid_001 5 247
veid_002 7 95
veid_003 4 252
veid_004 8 65
uid_000 0 0 61.4003 76 71.8401 54 34.2345 27 65.3682 89 80.2808 61 68.9638 66 81.2158 51 90.3383 127 54.5894 21 55.2268 30 55.9732 74 82.28 24 62.2254 52 92.358 37 104.657 92 63.2456 65 73.6614 14 4.24264 5 54.0833 64
uid_001 61.4003 18 0 0 41.4367 50 75.0067 64 49.0408 5 34.1321 4 49.7393 16 21.2132 21 31.8277 34 10.2956 2 12.6491 5 33.3017 47 49.3964 24 30.8869 6 31.305 38 46.0109 40 3.16228 3 39.2938 27 57.7235 2 14.8661 13
uid_002 71.8401 10 41.4367 45 0 0 98.8989 94 88.8144 40 17.72 2 11.7047 4 54.6717 81 39.3954 35 48.8365 37 51.9711 10 16.1245 19 90.824 46 12.0416 17 48.8774 52 48.6621 30 39 23 4.12311 5 67.624 43 53.7587 37
uid_003 34.2345 23 75.0067 81 98.8989 62 0 0 53.0377 68 102.903 91 98.6712 57 89.8888 115 106.794 67 65.2993 74 64.2028 43 82.8553 63 73.171 55 87.6584 37 105.423 79 121.017 29 77.7946 87 99.7296 109 37.0135 8 62.2013 31
uid_004 65.3682 58 49.0408 47 88.8144 63 53.0377 74 0 0 83.1505 68 94.8314 99 51.4296 27 75.8947 95 40.1123 28 37.054 45 76.6551 33 20.2237 6 77.1038 28 69.7782 45 87.7268 53 52.0865 15 87.367 108 64.3506 25 35.1283 32
uid_005 80.2808 70 34.1321 3 17.72 12 102.903 67 83.1505 88 0 0 29.4109 26 41.1461 27 21.9545 23 43.7379 7 46.5296 9 26.5707 12 81.3941 92 19.3132 28 32.0156 28 31.1448 33 31.0644 23 13.6015 12 76.0592 8 48.6621 25
uid_006 68.9638 11 49.7393 67 11.7047 0 98.6712 97 94.8314 71 29.4109 19 0 0 65.0538 67 51.0784 46 55.7136 2 58.8727 57 18.2483 14 98.8433 65 18.868 3 60.4152 89 60.208 13 47.7074 7 15.8114 22 64.8845 92 60.407 15
uid_007 81.2158 6 21.2132 13 54.6717 67 89.8888 21 51.4296 31 41.1461 46 65.0538 85 0 0 26.0192 15 26.6833 12 26.5707 38 51.3128 65 43.1045 35 46.8615 68 18.3848 13 36.4005 22 20.8806 23 51.4004 20 77.7817 52 28.2312 15
uid_008 90.3383 39 31.8277 5 39.3954 53 106.794 117 75.8947 26 21.9545 29 51.0784 17 26.0192 26 0 0 41.8688 11 43.6005 55 44.0454 16 69.1158 100 37.2156 1 10.8167 12 14.4222 15 29 33 35.3412 52 86.3308 127 45.8039 34
uid_009 54.5894 23 10.2956 14 48.8365 25 65.2993 82 40.1123 16 43.7379 13 55.7136 21 26.6833 1 41.8688 29 0 0 3.16228 1 38.0132 43 43.566 10 37.3631 17 40.2244 51 55.8659 62 13.4164 11 47.2652 6 51.2445 32 5 5
uid_010 55.2268 50 12.6491 12 51.9711 28 64.2028 55 37.054 36 46.5296 8 58.8727 57 26.5707 17 43.6005 6 3.16228 3 0 0 41.1461 24 40.4969 57 40.5216 39 41.2311 36 57.3847 20 15.8114 20 50.3587 14 52.0384 21 2.23607 2
uid_011 55.9732 20 33.3017 1 16.1245 19 82.8553 91 76.6551 39 26.5707 25 18.2483 13 51.3128 20 44.0454 5 38.0132 52 41.1461 1 0 0 81.4923 66 7.28011 8 51.1957 74 56.3205 46 31.8277 40 17.6918 16 51.7397 25 42.5441 61
uid_012 82.28 32 49.3964 45 90.824 95 73.171 61 20.2237 8 81.3941 78 98.8433 117 43.1045 30 69.1158 17 43.566 27 40.4969 8 81.4923 50 0 0 80.1124 113 60.8276 14 78.6448 15 51.8652 73 88.5438 131 80.6226 90 39.4081 22
uid_013 62.2254 84 30.8869 35 12.0416 7 87.6584 104 77.1038 98 19.3132 11 18.868 19 46.8615 49 37.2156 20 37.3631 1 40.5216 0 7.28011 10 80.1124 76 0 0 44.9222 36 49.163 18 28.8444 30 12.083 6 57.9828 6 42.2019 55
uid_014 92.358 105 31.305 10 48.8774 46 105.423 86 69.7782 53 32.0156 7 60.4152 3 18.3848 22 10.8167 2 40.2244 47 41.2311 11 51.1957 29 60.8276 82 44.9222 40 0 0 18.0278 20 29.1548 14 44.9444 15 88.5438 107 43.2782 46
uid_015 104.657 38 46.0109 56 48.6621 50 121.017 43 87.7268 115 31.1448 11 60.208 75 36.4005 50 14.4222 20 55.8659 76 57.3847 13 56.3205 3 78.6448 57 49.163 10 18.0278 25 0 0 43.2782 19 44.5533 64 100.623 23 59.5483 70
uid_016 63.2456 70 3.16228 1 39 10 77.7946 75 52.0865 21 31.0644 32 47.7074 28 20.8806 19 29 12 13.4164 4 15.8114 16 31.8277 25 51.8652 29 28.8444 31 29.1548 5 43.2782 39 0 0 36.6879 16 59.4811 79 18.0278 16
uid_017 73.6614 25 39.2938 2 4.12311 3 99.7296 8 87.367 25 13.6015 11 15.8114 9 51.4004 64 35.3412 47 47.2652 40 50.3587 47 17.6918 16 88.5438 32 12.083 2 44.9444 43 44.5533 35 36.6879 11 0 0 69.4262 52 52.2398 38
uid_018 4.24264 3 57.7235 46 67.624 37 37.0135 17 64.3506 59 76.0592 95 64.8845 90 77.7817 32 86.3308 18 51.2445 62 52.0384 68 51.7397 55 80.6226 24 57.9828 75 88.5438 103 100.623 113 59.4811 70 69.4262 56 0 0 51 52
uid_019 54.0833 36 14.8661 20 53.7587 26 62.2013 65 35.1283 3 48.6621 70 60.407 52 28.2312 26 45.8039 24 5 3 2.23607 1 42.5441 19 39.4081 18 42.2019 53 43.2782 63 59.5483 83 18.0278 0 52.2398 71 51 16 0 0
bhid_000 2020-01-01T09:00:00Z
bhid_001 2020-01-01T09:15:00Z
bhid_002 2020-01-01T09:30:00Z
bhid_003 2020-01-01T09:45:00Z
bhid_004 2020-01-01T10:00:00Z
bhid_005 2020-01-01T10:15:00Z
bhid_006 2020-01-01T10:30:00Z
bhid_007 2020-01-01T10:45:00Z
bhid_008 2020-01-01T11:00:00Z
bhid_009 2020-01-01T11:15:00Z
bhid_010 2020-01-01T11:30:00Z
bhid_011 2020-01-01T11:45:00Z
bhid_012 2020-01-01T12:00:00Z
bhid_013 2020-01-01T12:15:00Z
bhid_014 2020-01-01T12:30:00Z
bhid_015 2020-01-01T14:15:00Z
bhid_016 2020-01-01T14:30:00Z
bhid_017 2020-01-01T14:45:00Z
bhid_018 2020-01-01T15:00:00Z
bhid_019 2020-01-01T15:15:00Z
bhid_020 2020-01-01T15:30:00Z
bhid_021 2020-01-01T15:45:00Z
bhid_022 2020-01-01T16:00:00Z
bhid_023 2020-01-01T16:15:00Z
bhid_024 2020-01-01T16:30:00Z
bhid_025 2020-01-01T16:45:00Z
bhid_026 2020-01-01T17:00:00Z
bhid_027 2020-01-01T17:15:00Z
bhid_028 2020-01-01T17:30:00Z
bhid_029 2020-01-01T17:45:00Z
bhid_030 2020-01-01T18:00:00Z
bhid_031 2020-01-01T18:15:00Z
bhid_032 2020-01-01T18:30:00Z
bhid_033 2020-01-01T18:45:00Z
bhid_034 2020-01-02T09:00:00Z
bhid_035 2020-01-02T09:15:00Z
bhid_036 2020-01-02T09:30:00Z
bhid_037 2020-01-02T09:45:00Z
bhid_038 2020-01-02T10:00:00Z
bhid_039 2020-01-02T10:15:00Z
bhid_040 2020-01-02T10:30:00Z
bhid_041 2020-01-02T10:45:00Z
bhid_042 2020-01-02T11:00:00Z
bhid_043 2020-01-02T11:15:00Z
bhid_044 2020-01-02T11:30:00Z
bhid_045 2020-01-02T11:45:00Z
bhid_046 2020-01-02T12:00:00Z
bhid_047 2020-01-02T12:15:00Z
bhid_048 2020-01-02T12:30:00Z
bhid_049 2020-01-02T14:15:00Z
bhid_050 2020-01-02T14:30:00Z
bhid_051 2020-01-02T14:45:00Z
bhid_052 2020-01-02T15:00:00Z
bhid_053 2020-01-02T15:15:00Z
bhid_054 2020-01-02T15:30:00Z
bhid_055 2020-01-02T15:45:00Z
bhid_056 2020-01-02T16:00:00Z
bhid_057 2020-01-02T16:15:00Z
bhid_058 2020-01-02T16:30:00Z
bhid_059 2020-01-02T16:45:00Z
bhid_060 2020-01-02T17:00:00Z
bhid_061 2020-01-02T17:15:00Z
bhid_062 2020-01-02T17:30:00Z
bhid_063 2020-01-02T17:45:00Z
bhid_064 2020-01-02T18:00:00Z
bhid_065 2020-01-02T18:15:00Z
bhid_066 2020-01-02T18:30:00Z
bhid_067 2020-01-02T18:45:00Z
bhid_068 2020-01-03T09:00:00Z
bhid_069 2020-01-03T09:15:00Z
bhid_070 2020-01-03T09:30:00Z
bhid_071 2020-01-03T09:45:00Z
bhid_072 2020-01-03T10:00:00Z
bhid_073 2020-01-03T10:15:00Z
bhid_074 2020-01-03T10:30:00Z
bhid_075 2020-01-03T10:45:00Z
bhid_076 2020-01-03T11:00:00Z
bhid_077 2020-01-03T11:15:00Z
bhid_078 2020-01-03T11:30:00Z
bhid_079 2020-01-03T11:45:00Z
bhid_080 2020-01-03T12:00:00Z
bhid_081 2020-01-03T12:15:00Z
bhid_082 2020-01-03T12:30:00Z
bhid_083 2020-01-03T14:15:00Z
bhid_084 2020-01-03T14:30:00Z
bhid_085 2020-01-03T14:45:00Z
bhid_086 2020-01-03T15:00:00Z
bhid_087 2020-01-03T15:15:00Z
bhid_088 2020-01-03T15:30:00Z
bhid_089 2020-01-03T15:45:00Z
bhid_090 2020-01-03T16:00:00Z
bhid_091 2020-01-03T16:15:00Z
bhid_092 2020-01-03T16:30:00Z
bhid_093 2020-01-03T16:45:00Z
bhid_094 2020-01-03T17:00:00Z
bhid_095 2020-01-03T17:15:00Z
bhid_096 2020-01-03T17:30:00Z
bhid_097 2020-01-03T17:45:00Z
bhid_098 2020-01-03T18:00:00Z
bhid_099 2020-01-03T18:15:00Z
bhid_100 2020-01-03T18:30:00Z
bhid_101 2020-01-03T18:45:00Z
bhid_102 2020-01-04T09:00:00Z
bhid_103 2020-01-04T09:15:00Z
bhid_104 2020-01-04T09:30:00Z
bhid_105 2020-01-04T09:45:00Z
bhid_106 2020-01-04T10:00:00Z
bhid_107 2020-01-04T10:15:00Z
bhid_108 2020-01-04T10:30:00Z
bhid_109 2020-01-04T10:45:00Z
bhid_110 2020-01-04T11:00:00Z
bhid_111 2020-01-04T11:15:00Z
bhid_112 2020-01-04T11:30:00Z
bhid_113 2020-01-04T11:45:00Z
bhid_114 2020-01-04T12:00:00Z
bhid_115 2020-01-04T12:15:00Z
bhid_116 2020-01-04T12:30:00Z
bhid_117 2020-01-04T14:15:00Z
bhid_118 2020-01-04T14:30:00Z
bhid_119 2020-01-04T14:45:00Z
bhid_120 2020-01-04T15:00:00Z
bhid_121 2020-01-04T15:15:00Z
bhid_122 2020-01-04T15:30:00Z
bhid_123 2020-01-04T15:45:00Z
bhid_124 2020-01-04T16:00:00Z
bhid_125 2020-01-04T16:15:00Z
bhid_126 2020-01-04T16:30:00Z
bhid_127 2020-01-04T16:45:00Z
bhid_128 2020-01-04T17:00:00Z
bhid_129 2020-01-04T17:15:00Z
bhid_130 2020-01-04T17:30:00Z
bhid_131 2020-01-04T17:45:00Z
bhid_132 2020-01-04T18:00:00Z
bhid_133 2020-01-04T18:15:00Z
bhid_134 2020-01-04T18:30:00Z
bhid_135 2020-01-04T18:45:00Z
bhid_136 2020-01-05T09:00:00Z
bhid_137 2020-01-05T09:15:00Z
bhid_138 2020-01-05T09:30:00Z
bhid_139 2020-01-05T09:45:00Z
bhid_140 2020-01-05T10:00:00Z
bhid_141 2020-01-05T10:15:00Z
bhid_142 2020-01-05T10:30:00Z
bhid_143 2020-01-05T10:45:00Z
bhid_144 2020-01-05T11:00:00Z
bhid_145 2020-01-05T11:15:00Z
bhid_146 2020-01-05T11:30:00Z
bhid_147 2020-01-05T11:45:00Z
bhid_148 2020-01-05T12:00:00Z
bhid_149 2020-01-05T12:15:00Z
bhid_150 2020-01-05T12:30:00Z
bhid_151 2020-01-05T14:15:00Z
bhid_152 2020-01-05T14:30:00Z
bhid_153 2020-01-05T14:45:00Z
bhid_154 2020-01-05T15:00:00Z
bhid_155 2020-01-05T15:15:00Z
bhid_156 2020-01-05T15:30:00Z
bhid_157 2020-01-05T15:45:00Z
bhid_158 2020-01-05T16:00:00Z
bhid_159 2020-01-05T16:15:00Z
bhid_160 2020-01-05T16:30:00Z
bhid_161 2020-01-05T16:45:00Z
bhid_162 2020-01-05T17:00:00Z
bhid_163 2020-01-05T17:15:00Z
bhid_164 2020-01-05T17:30:00Z
bhid_165 2020-01-05T17:45:00Z
bhid_166 2020-01-05T18:00:00Z
bhid_167 2020-01-05T18:15:00Z
bhid_168 2020-01-05T18:30:00Z
bhid_169 2020-01-05T18:45:00Z
bhid_170 2020-01-06T09:00:00Z
bhid_171 2020-01-06T09:15:00Z
bhid_172 2020-01-06T09:30:00Z
bhid_173 2020-01-06T09:45:00Z
bhid_174 2020-01-06T10:00:00Z
bhid_175 2020-01-06T10:15:00Z
bhid_176 2020-01-06T10:30:00Z
bhid_177 2020-01-06T10:45:00Z
bhid_178 2020-01-06T11:00:00Z
bhid_179 2020-01-06T11:15:00Z
bhid_180 2020-01-06T11:30:00Z
bhid_181 2020-01-06T11:45:00Z
bhid_182 2020-01-06T12:00:00Z
bhid_183 2020-01-06T12:15:00Z
bhid_184 2020-01-06T12:30:00Z
bhid_185 2020-01-06T14:15:00Z
bhid_186 2020-01-06T14:30:00Z
bhid_187 2020-01-06T14:45:00Z
bhid_188 2020-01-06T15:00:00Z
bhid_189 2020-01-06T15:15:00Z
bhid_190 2020-01-06T15:30:00Z
bhid_191 2020-01-06T15:45:00Z
bhid_192 2020-01-06T16:00:00Z
bhid_193 2020-01-06T16:15:00Z
bhid_194 2020-01-06T16:30:00Z
bhid_195 2020-01-06T16:45:00Z
bhid_196 2020-01-06T17:00:00Z
bhid_197 2020-01-06T17:15:00Z
bhid_198 2020-01-06T17:30:00Z
bhid_199 2020-01-06T17:45:00Z
vid_000 uid_012 bhid_023 bhid_166 0 1 0 0 0 0 0 0 1 0 1 0 0 1 0 0 1 1 1 0 5 2 1
vid_001 uid_017 bhid_062 bhid_112 0 0 1 1 0 1 0 0 0 1 1 0 0 0 1 1 0 0 1 1 9 5 1
vid_002 uid_000 bhid_054 bhid_115 0 1 0 1 1 1 0 0 0 0 0 0 0 0 1 0 0 1 0 1 11 4 1
vid_003 uid_016 bhid_084 bhid_174 0 1 0 0 0 0 1 0 1 0 1 0 1 1 0 1 0 0 1 1 12 1 1
vid_004 uid_013 bhid_032 bhid_176 0 0 1 1 0 0 0 0 1 0 0 0 1 0 0 0 0 0 1 1 8 5 1
vid_005 uid_001 bhid_043 bhid_184 0 1 0 0 0 0 0 0 1 0 1 0 0 0 0 1 0 0 1 0 12 5 1
vid_006 uid_011 bhid_028 bhid_120 0 0 0 1 0 1 0 1 0 0 0 0 1 0 1 1 0 0 0 1 1 2 1
vid_007 uid_002 bhid_070 bhid_121 0 0 0 0 1 0 1 1 0 0 0 0 1 0 0 1 0 0 1 0 5 3 1
vid_008 uid_010 bhid_070 bhid_196 0 0 0 1 0 0 0 0 0 1 1 0 0 0 0 1 0 0 0 0 7 4 1
vid_009 uid_005 bhid_032 bhid_189 0 1 0 0 1 0 1 0 1 0 1 1 1 0 0 1 1 0 0 1 7 5 1
vid_010 uid_008 bhid_027 bhid_162 0 0 0 0 0 0 0 1 1 0 1 0 0 0 0 0 0 0 1 1 7 3 1
vid_011 uid_018 bhid_036 bhid_127 0 0 0 0 0 1 0 1 1 0 1 1 0 0 1 1 1 1 0 0 4 3 1
vid_012 uid_014 bhid_092 bhid_183 0 0 0 0 0 1 0 0 0 1 1 0 1 1 0 1 0 0 1 1 9 2 1
vid_013 uid_004 bhid_065 bhid_125 1 0 0 0 0 1 1 0 0 0 1 1 0 1 1 1 1 0 1 0 2 1 1
vid_014 uid_019 bhid_061 bhid_171 0 1 0 0 0 1 1 0 0 1 0 0 0 0 1 1 1 0 0 1 4 5 1
