10 3 10 160 15 10 50 
pid_000 8 0 0 0 1 1 1 1 1 1 1 1 1 1 1 1 1 1 1 1 1 1 1 1 1 1 1 1 0 0 0 0 0 0 0 0 0 0 0 1 1 1 1 1 1 1 1 1 1 1 1 1 1 1 1 1 1 1 1 1 1 0 0 1 1 1 1 1 1 1 1 1 1 1 1 1 1 1 1 1 1 1 1 1 1 1 1 1 1 1 1 0 0 0 0 0 0 0 0 1 1 1 1 1 1 1 1 1 1 1 1 1 1 1 1 0 0 0 0 1 1 1 1 1 1 1 1 0 0 0 0 0 0 0 1 1 1 1 1 1 1 1 1 1 1 1 1 1 1 1 1 0 0 0 0 1 1 1 1 1 1 1 1 1 1 1 0 1 1 1 0 1 1 1 1 1 1 1 1 1 1
pid_001 6 0 0 0 0 0 0 0 0 1 1 1 1 1 1 1 1 1 0 0 0 0 1 1 1 1 1 1 1 1 0 0 0 0 0 0 1 1 1 1 1 1 1 1 0 0 0 0 0 1 1 1 1 1 1 1 1 1 1 0 0 1 1 1 1 1 1 1 1 1 1 1 1 0 0 0 0 0 0 0 0 0 0 0 0 1 1 1 1 1 1 1 1 0 0 0 0 0 0 0 0 0 0 0 0 0 0 0 0 0 0 0 0 0 0 0 0 0 0 0 0 0 0 1 1 1 1 1 1 1 1 0 1 1 1 1 1 1 1 1 1 1 1 1 1 1 1 1 1 1 1 1 1 1 1 0 0 0 0 0 0 0 1 1 1 1 0 1 0 1 1 0 1 0 1 1 1 1 1 0 0
pid_002 5 0 0 0 0 0 0 0 0 0 1 1 1 1 1 1 1 1 1 1 1 1 1 1 1 1 1 1 1 1 1 1 1 1 1 1 1 1 1 1 1 1 1 1 1 1 1 1 1 1 1 1 1 1 1 1 1 1 1 1 1 1 1 1 1 1 1 1 1 1 1 1 1 1 1 1 1 1 1 1 1 1 1 1 0 1 1 1 1 1 1 1 1 1 1 1 1 1 1 1 1 1 1 1 0 0 0 0 0 0 0 0 1 1 1 1 1 1 1 1 1 1 1 1 1 1 1 1 1 1 1 1 1 1 1 1 1 1 1 1 1 1 1 1 1 1 1 1 1 1 1 1 1 1 1 1 0 1 1 1 1 1 0 1 1 0 0 1 1 1 1 0 0 1 1 1 0 1 1 1 1
pid_003 8 0 1 1 1 1 1 1 1 1 0 0 0 0 0 0 0 0 0 1 1 1 1 1 1 1 1 1 1 1 1 1 1 1 0 0 0 0 0 0 0 0 1 1 1 1 1 1 1 1 1 1 1 1 1 1 1 1 0 0 0 0 0 0 0 0 0 0 0 1 1 1 1 1 1 1 1 0 0 0 0 0 0 0 0 0 0 1 1 1 1 1 1 1 1 0 0 0 0 1 1 1 1 1 1 1 1 1 1 1 1 1 1 1 0 0 0 0 0 0 0 0 0 0 0 0 0 0 0 0 0 0 0 0 1 1 1 1 1 1 1 1 1 1 1 1 1 1 1 1 1 1 1 1 1 1 1 1 1 1 1 1 0 1 1 0 1 1 1 1 1 1 1 0 1 1 1 1 1 1 1
pid_004 3 1 1 1 1 1 1 1 1 1 1 1 1 1 1 1 1 1 1 1 1 1 1 1 1 1 1 1 1 1 0 0 0 0 0 0 0 0 0 0 0 0 0 0 0 0 0 0 0 1 1 1 1 1 1 1 1 0 0 0 0 0 0 0 0 1 1 1 1 1 1 1 1 0 0 0 0 0 0 0 0 1 1 1 1 1 1 1 1 1 1 1 1 1 1 0 0 1 1 1 1 1 1 1 1 1 0 0 0 0 1 1 1 1 1 1 1 1 0 0 0 1 1 1 1 1 1 1 1 1 1 1 1 1 1 1 1 1 1 1 1 1 1 1 1 1 1 1 1 1 0 0 0 0 0 0 0 0 0 1 1 1 0 1 1 1 1 1 1 1 0 1 1 1 1 1 0 0 1 0 1
pid_005 4 1 1 1 1 1 1 1 1 1 1 1 1 1 1 1 1 1 1 1 1 1 1 1 1 1 1 1 1 1 1 1 1 1 1 1 1 1 1 1 1 1 1 1 1 1 1 1 1 1 1 1 1 1 1 1 1 1 1 1 1 1 1 1 1 1 1 1 1 1 1 1 1 1 1 1 1 1 1 0 1 1 1 1 1 1 1 1 0 0 0 0 0 0 0 0 0 0 0 0 0 0 0 0 1 1 1 1 1 1 1 1 0 0 0 1 1 1 1 1 1 1 1 0 0 0 1 1 1 1 1 1 1 1 1 1 1 1 1 1 1 1 1 1 1 1 1 1 1 0 0 0 0 1 1 1 1 1 1 1 1 1 1 1 1 1 1 1 1 1 1 1 1 1 1 0 1 1 1 0 1
pid_006 6 0 0 0 0 0 0 0 0 1 1 1 1 1 1 1 1 1 1 1 1 1 1 1 1 0 1 1 1 1 1 1 1 1 1 1 1 1 1 0 0 0 0 0 0 0 0 1 1 1 1 1 1 1 1 1 1 0 0 0 1 1 1 1 1 1 1 1 1 1 1 1 1 1 0 0 0 1 1 1 1 1 1 1 1 1 1 1 1 1 1 1 0 0 0 0 0 0 0 0 0 0 1 1 1 1 1 1 1 1 1 1 0 0 1 1 1 1 1 1 1 1 0 0 0 0 0 0 0 0 0 0 0 0 0 0 0 0 0 0 0 0 0 0 0 0 1 1 1 1 1 1 1 1 1 1 1 1 1 1 0 1 1 1 1 1 1 1 1 1 1 1 1 1 1 1 1 1 0 1 1
pid_007 7 1 1 1 1 1 1 1 1 1 1 1 1 1 1 1 1 1 1 1 1 1 1 1 1 1 1 1 1 1 1 1 1 1 1 1 1 1 1 1 1 1 1 1 1 1 1 1 1 1 1 1 1 1 1 1 1 1 1 1 1 1 1 1 1 1 1 1 1 1 1 1 1 1 1 1 1 1 1 1 1 1 1 1 1 1 1 1 1 1 1 1 1 1 1 1 1 1 1 1 1 1 1 1 1 1 1 1 1 1 1 1 1 1 1 1 1 1 1 1 1 1 1 1 1 1 1 1 1 1 1 0 1 1 1 1 1 1 1 1 1 1 1 1 1 1 1 1 1 1 1 1 1 1 1 1 1 1 1 1 0 1 1 0 1 0 1 1 1 0 1 0 1 1 1 1 0 1 1 0 1
pid_008 9 0 0 0 0 1 1 1 1 1 1 1 1 0 0 0 0 0 0 0 0 0 0 0 0 1 1 1 1 1 1 1 1 0 0 1 1 1 1 1 1 1 1 0 0 0 0 0 0 0 0 0 1 1 1 1 1 1 1 1 1 1 1 1 1 1 1 1 1 0 0 0 0 0 0 0 1 1 1 1 1 1 1 1 0 0 1 1 1 1 1 1 1 1 1 1 1 1 1 1 1 1 1 1 0 0 0 0 0 0 0 0 0 0 0 0 0 0 0 0 0 0 0 0 0 1 1 1 1 1 1 1 1 0 0 1 1 1 1 1 1 1 1 1 1 1 1 0 0 0 0 0 0 0 0 0 0 0 0 0 0 1 1 1 0 1 1 1 1 1 0 0 1 0 1 1 1 1 1 1 0
pid_009 2 0 0 0 0 0 1 1 1 1 1 1 1 1 1 1 1 1 1 1 1 1 1 1 1 1 1 1 1 1 1 1 1 1 1 1 1 1 1 1 1 1 1 1 1 1 1 1 1 1 1 1 1 1 1 1 1 1 1 1 1 1 1 1 1 1 1 1 1 1 1 1 1 1 1 1 1 1 1 1 0 0 0 0 0 0 0 0 0 0 0 0 0 0 0 0 0 0 0 0 0 0 0 0 0 1 1 1 1 1 1 1 1 1 1 1 1 1 1 1 1 1 1 1 1 1 1 1 1 1 1 1 1 1 1 1 1 1 1 1 1 1 1 1 1 1 1 1 1 1 1 1 1 1 1 1 1 1 1 1 1 1 1 0 1 1 0 1 1 1 1 1 1 1 1 1 0 0 0 1 1
vid_000 10 263
vid_001 10 124
vid_002 10 217
uid_000 0 0 67.0671 63 104.809 54 37.4833 37 58.6941 65 37.7359 1 55 26 69.2604 49 33.7343 6 56.0803 40
uid_001 67.0671 47 0 0 86.0523 72 72.9452 61 80.0562 85 58.6003 58 42.72 12 9.21954 7 34.2345 0 12.53 5
uid_002 104.809 50 86.0523 49 0 0 74.027 61 56.356 30 67.3573 99 53.8516 27 77.1622 78 95.1893 2 80.399 19
uid_003 37.4833 7 72.9452 34 74.027 87 0 0 21.5407 10 14.8661 19 38.2099 11 70.214 68 51.6236 27 60.4649 29
uid_004 58.6941 41 80.0562 21 56.356 55 21.5407 12 0 0 25.7099 14 38.4187 2 75.0067 32 66.7608 24 68.4105 5
uid_005 37.7359 32 58.6003 79 67.3573 79 14.8661 19 25.7099 17 0 0 24.0208 30 55.4707 12 41.1096 32 46.2277 14
uid_006 55 25 42.72 0 53.8516 70 38.2099 25 38.4187 48 24.0208 7 0 0 36.7967 1 41.4849 52 32.311 1
uid_007 69.2604 72 9.21954 9 77.1622 26 70.214 37 75.0067 6 55.4707 26 36.7967 4 0 0 38.2753 34 13.3417 6
uid_008 33.7343 42 34.2345 27 95.1893 33 51.6236 75 66.7608 73 41.1096 2 41.4849 51 38.2753 32 0 0 25.0799 13
uid_009 56.0803 11 12.53 9 80.399 86 60.4649 1 68.4105 99 46.2277 61 32.311 27 13.3417 6 25.0799 10 0 0
bhid_000 2020-01-01T09:00:00Z
bhid_001 2020-01-01T09:15:00Z
bhid_002 2020-01-01T09:30:00Z
bhid_003 2020-01-01T09:45:00Z
bhid_004 2020-01-01T10:00:00Z
bhid_005 2020-01-01T10:15:00Z
bhid_006 2020-01-01T10:30:00Z
bhid_007 2020-01-01T10:45:00Z
bhid_008 2020-01-01T11:00:00Z
bhid_009 2020-01-01T11:15:00Z
bhid_010 2020-01-01T11:30:00Z
bhid_011 2020-01-01T11:45:00Z
bhid_012 2020-01-01T12:00:00Z
bhid_013 2020-01-01T12:15:00Z
bhid_014 2020-01-01T12:30:00Z
bhid_015 2020-01-01T14:15:00Z
bhid_016 2020-01-01T14:30:00Z
bhid_017 2020-01-01T14:45:00Z
bhid_018 2020-01-01T15:00:00Z
bhid_019 2020-01-01T15:15:00Z
bhid_020 2020-01-01T15:30:00Z
bhid_021 2020-01-01T15:45:00Z
bhid_022 2020-01-01T16:00:00Z
bhid_023 2020-01-01T16:15:00Z
bhid_024 2020-01-01T16:30:00Z
bhid_025 2020-01-01T16:45:00Z
bhid_026 2020-01-01T17:00:00Z
bhid_027 2020-01-01T17:15:00Z
bhid_028 2020-01-01T17:30:00Z
bhid_029 2020-01-01T17:45:00Z
bhid_030 2020-01-01T18:00:00Z
bhid_031 2020-01-01T18:15:00Z
bhid_032 2020-01-01T18:30:00Z
bhid_033 2020-01-01T18:45:00Z
bhid_034 2020-01-02T09:00:00Z
bhid_035 2020-01-02T09:15:00Z
bhid_036 2020-01-02T09:30:00Z
bhid_037 2020-01-02T09:45:00Z
bhid_038 2020-01-02T10:00:00Z
bhid_039 2020-01-02T10:15:00Z
bhid_040 2020-01-02T10:30:00Z
bhid_041 2020-01-02T10:45:00Z
bhid_042 2020-01-02T11:00:00Z
bhid_043 2020-01-02T11:15:00Z
bhid_044 2020-01-02T11:30:00Z
bhid_045 2020-01-02T11:45:00Z
bhid_046 2020-01-02T12:00:00Z
bhid_047 2020-01-02T12:15:00Z
bhid_048 2020-01-02T12:30:00Z
bhid_049 2020-01-02T14:15:00Z
bhid_050 2020-01-02T14:30:00Z
bhid_051 2020-01-02T14:45:00Z
bhid_052 2020-01-02T15:00:00Z
bhid_053 2020-01-02T15:15:00Z
bhid_054 2020-01-02T15:30:00Z
bhid_055 2020-01-02T15:45:00Z
bhid_056 2020-01-02T16:00:00Z
bhid_057 2020-01-02T16:15:00Z
bhid_058 2020-01-02T16:30:00Z
bhid_059 2020-01-02T16:45:00Z
bhid_060 2020-01-02T17:00:00Z
bhid_061 2020-01-02T17:15:00Z
bhid_062 2020-01-02T17:30:00Z
bhid_063 2020-01-02T17:45:00Z
bhid_064 2020-01-02T18:00:00Z
bhid_065 2020-01-02T18:15:00Z
bhid_066 2020-01-02T18:30:00Z
bhid_067 2020-01-02T18:45:00Z
bhid_068 2020-01-03T09:00:00Z
bhid_069 2020-01-03T09:15:00Z
bhid_070 2020-01-03T09:30:00Z
bhid_071 2020-01-03T09:45:00Z
bhid_072 2020-01-03T10:00:00Z
bhid_073 2020-01-03T10:15:00Z
bhid_074 2020-01-03T10:30:00Z
bhid_075 2020-01-03T10:45:00Z
bhid_076 2020-01-03T11:00:00Z
bhid_077 2020-01-03T11:15:00Z
bhid_078 2020-01-03T11:30:00Z
bhid_079 2020-01-03T11:45:00Z
bhid_080 2020-01-03T12:00:00Z
bhid_081 2020-01-03T12:15:00Z
bhid_082 2020-01-03T12:30:00Z
bhid_083 2020-01-03T14:15:00Z
bhid_084 2020-01-03T14:30:00Z
bhid_085 2020-01-03T14:45:00Z
bhid_086 2020-01-03T15:00:00Z
bhid_087 2020-01-03T15:15:00Z
bhid_088 2020-01-03T15:30:00Z
bhid_089 2020-01-03T15:45:00Z
bhid_090 2020-01-03T16:00:00Z
bhid_091 2020-01-03T16:15:00Z
bhid_092 2020-01-03T16:30:00Z
bhid_093 2020-01-03T16:45:00Z
bhid_094 2020-01-03T17:00:00Z
bhid_095 2020-01-03T17:15:00Z
bhid_096 2020-01-03T17:30:00Z
bhid_097 2020-01-03T17:45:00Z
bhid_098 2020-01-03T18:00:00Z
bhid_099 2020-01-03T18:15:00Z
bhid_100 2020-01-03T18:30:00Z
bhid_101 2020-01-03T18:45:00Z
bhid_102 2020-01-04T09:00:00Z
bhid_103 2020-01-04T09:15:00Z
bhid_104 2020-01-04T09:30:00Z
bhid_105 2020-01-04T09:45:00Z
bhid_106 2020-01-04T10:00:00Z
bhid_107 2020-01-04T10:15:00Z
bhid_108 2020-01-04T10:30:00Z
bhid_109 2020-01-04T10:45:00Z
bhid_110 2020-01-04T11:00:00Z
bhid_111 2020-01-04T11:15:00Z
bhid_112 2020-01-04T11:30:00Z
bhid_113 2020-01-04T11:45:00Z
bhid_114 2020-01-04T12:00:00Z
bhid_115 2020-01-04T12:15:00Z
bhid_116 2020-01-04T12:30:00Z
bhid_117 2020-01-04T14:15:00Z
bhid_118 2020-01-04T14:30:00Z
bhid_119 2020-01-04T14:45:00Z
bhid_120 2020-01-04T15:00:00Z
bhid_121 2020-01-04T15:15:00Z
bhid_122 2020-01-04T15:30:00Z
bhid_123 2020-01-04T15:45:00Z
bhid_124 2020-01-04T16:00:00Z
bhid_125 2020-01-04T16:15:00Z
bhid_126 2020-01-04T16:30:00Z
bhid_127 2020-01-04T16:45:00Z
bhid_128 2020-01-04T17:00:00Z
bhid_129 2020-01-04T17:15:00Z
bhid_130 2020-01-04T17:30:00Z
bhid_131 2020-01-04T17:45:00Z
bhid_132 2020-01-04T18:00:00Z
bhid_133 2020-01-04T18:15:00Z
bhid_134 2020-01-04T18:30:00Z
bhid_135 2020-01-04T18:45:00Z
bhid_136 2020-01-05T09:00:00Z
bhid_137 2020-01-05T09:15:00Z
bhid_138 2020-01-05T09:30:00Z
bhid_139 2020-01-05T09:45:00Z
bhid_140 2020-01-05T10:00:00Z
bhid_141 2020-01-05T10:15:00Z
bhid_142 2020-01-05T10:30:00Z
bhid_143 2020-01-05T10:45:00Z
bhid_144 2020-01-05T11:00:00Z
bhid_145 2020-01-05T11:15:00Z
bhid_146 2020-01-05T11:30:00Z
bhid_147 2020-01-05T11:45:00Z
bhid_148 2020-01-05T12:00:00Z
bhid_149 2020-01-05T12:15:00Z
bhid_150 2020-01-05T12:30:00Z
bhid_151 2020-01-05T14:15:00Z
bhid_152 2020-01-05T14:30:00Z
bhid_153 2020-01-05T14:45:00Z
bhid_154 2020-01-05T15:00:00Z
bhid_155 2020-01-05T15:15:00Z
bhid_156 2020-01-05T15:30:00Z
bhid_157 2020-01-05T15:45:00Z
bhid_158 2020-01-05T16:00:00Z
bhid_159 2020-01-05T16:15:00Z
vid_000 uid_003 bhid_038 bhid_135 1 0 1 0 0 0 0 1 0 0 1 1 0 1 5 1
vid_001 uid_005 bhid_007 bhid_106 1 1 1 0 1 0 0 1 0 0 0 1 1 11 3 2
vid_002 uid_009 bhid_014 bhid_127 0 0 0 1 1 0 1 0 0 1 1 1 1 4 5 2
vid_003 uid_004 bhid_042 bhid_117 0 1 1 1 0 0 0 1 0 1 1 1 1 4 2 2
vid_004 uid_006 bhid_045 bhid_155 1 0 0 0 1 1 0 0 0 0 0 1 1 10 4 1
vid_005 uid_000 bhid_038 bhid_119 0 1 0 1 1 0 1 0 0 1 1 1 1 6 1 1
vid_006 uid_002 bhid_033 bhid_115 0 1 1 0 0 1 0 1 0 0 1 1 1 12 1 2
vid_007 uid_007 bhid_077 bhid_142 0 0 0 1 0 1 1 1 1 0 1 1 1 11 4 1
vid_008 uid_008 bhid_001 bhid_115 0 1 0 1 0 1 1 0 1 0 1 1 0 5 2 1
vid_009 uid_001 bhid_037 bhid_118 0 0 0 0 0 1 1 1 0 1 1 1 0 6 4 1
