8 8 21 45 60 20 1
p01 20 1 1 1 1 1 1 1 1 1 1 1 1 1 1 1 1 1 1 1 1 1 1 1 1 1 1 1 1 1 1 1 1 1 1 1 1 1 1 1 1 1 1 1 1 1 1 1 1 1 1 1 1 1 1 1 1 1 1 1 1 1 1 1 1 1 1 1 1 1 1 1 1 1 
p02 20 1 1 1 1 1 1 1 1 1 1 1 1 1 1 1 1 1 1 1 1 1 1 1 1 1 1 1 1 1 1 1 1 1 1 1 1 1 1 1 1 1 1 1 1 1 1 1 1 1 1 1 1 1 1 1 1 1 1 1 1 1 1 1 1 1 1 1 1 1 1 1 1 1 
p03 20 1 1 1 1 1 1 1 1 1 1 1 1 1 1 1 1 1 1 1 1 1 1 1 1 1 1 1 1 1 1 1 1 1 1 1 1 1 1 1 1 1 1 1 1 1 1 1 1 1 1 1 1 1 1 1 1 1 1 1 1 1 1 1 1 1 1 1 1 1 1 1 1 1 
p04 20 1 1 1 1 1 1 1 1 1 1 1 1 1 1 1 1 1 1 1 1 1 1 1 1 1 1 1 1 1 1 1 1 1 1 1 1 1 1 1 1 1 1 1 1 1 1 1 1 1 1 1 1 1 1 1 1 1 1 1 1 1 1 1 1 1 1 1 1 1 1 1 1 1 
p05 20 1 1 1 1 1 1 1 1 1 1 1 1 1 1 1 1 1 1 1 1 1 1 1 1 1 1 1 1 1 1 1 1 1 1 1 1 1 1 1 1 1 1 1 1 1 1 1 1 1 1 1 1 1 1 1 1 1 1 1 1 1 1 1 1 1 1 1 1 1 1 1 1 1 
p06 20 1 1 1 1 1 1 1 1 1 1 1 1 1 1 1 1 1 1 1 1 1 1 1 1 1 1 1 1 1 1 1 1 1 1 1 1 1 1 1 1 1 1 1 1 1 1 1 1 1 1 1 1 1 1 1 1 1 1 1 1 1 1 1 1 1 1 1 1 1 1 1 1 1 
p07 20 1 1 1 1 1 1 1 1 1 1 1 1 1 1 1 1 1 1 1 1 1 1 1 1 1 1 1 1 1 1 1 1 1 1 1 1 1 1 1 1 1 1 1 1 1 1 1 1 1 1 1 1 1 1 1 1 1 1 1 1 1 1 1 1 1 1 1 1 1 1 1 1 1 
p08 20 1 1 1 1 1 1 1 1 1 1 1 1 1 1 1 1 1 1 1 1 1 1 1 1 1 1 1 1 1 1 1 1 1 1 1 1 1 1 1 1 1 1 1 1 1 1 1 1 1 1 1 1 1 1 1 1 1 1 1 1 1 1 1 1 1 1 1 1 1 1 1 1 1 
v01 5 85
v02 5 112
v03 5 91
v04 5 56
v05 5 67
e01 4 130
e02 4 142
t00 3 260
serviu 0 0 3.2 5 2.7 5 1.7 5 5.4 9 25.1 32 35.5 32 16.9 20 11.3 14 8.2 11 9.3 11 9.4 11 10 12 7.1 10 4.9 10 3.8 8 5.1 7 16.8 21 31 38 31.4 38 32.7 41 
ub_01 3.2 5 0 0 1 4 5.7 7 10 12 28.1 32 36.3 32 17.8 18 8.6 11 5.5 7 7.7 9 7.8 9 7.8 9 5.6 9 2.3 6 6.8 8 5.9 8 17.6 19 31.9 36 32.2 36 33.5 39 
ub_02 2.7 5 1 4 0 0 4 8 7.8 13 26.7 33 37.2 34 18.7 20 9.5 13 6.5 9 8.7 11 8.8 11 8.8 11 6.5 10 3.2 8 7.8 10 6.8 10 18.5 21 32.8 38 33.2 38 34.4 41 
ub_03 1.7 5 5.7 7 4 8 0 0 4.5 8 23 28 36.3 34 17.8 23 12.7 15 9.7 12 9.8 12 9.9 12 10.6 12 7.7 11 6.6 11 4.7 11 5.9 8 17.7 24 31.9 41 32.3 41 33.6 44 
ub_04 5.4 9 10 12 7.8 13 4.5 8 0 0 19.7 32 40.5 48 26.1 38 16.9 27 13.9 22 14 20 14.1 20 14.8 20 11.9 19 10.8 21 9.3 23 10.1 18 26 40 40.3 57 40.7 57 41.9 61 
ub_05 25.1 32 28.1 32 26.7 33 23 28 19.7 32 0 0 58.4 71 44.1 58 34.9 47 31.8 42 31.9 41 32 41 32.7 41 29.8 40 28.7 40 33.2 42 28 39 43.9 57 58.2 75 58.6 75 59.8 79 
ub_06 35.5 32 36.3 32 37.2 34 36.3 34 40.5 48 58.4 71 0 0 53.4 55 44.1 48 41.1 41 41.5 44 41.6 44 42.2 44 39.3 44 38 43 42.4 46 31.2 33 53.2 57 67.5 76 67.7 76 69.1 80 
ub_07 16.9 20 17.8 18 18.7 20 17.8 23 26.1 38 44.1 58 53.4 55 0 0 20.3 25 19 23 21.4 26 21.5 26 21.3 24 22.6 28 19.4 25 14.4 18 22.9 27 1.1 5 14.3 22 14.7 22 15.9 26 
ub_08 11.3 14 8.6 11 9.5 13 12.7 15 16.9 27 34.9 47 44.1 48 20.3 25 0 0 4.5 12 6.8 14 6.9 14 6.7 12 7.7 17 7.2 16 10.9 17 12.7 20 19.4 26 33.7 45 34.1 45 35.3 48 
ub_09 8.2 11 5.5 7 6.5 9 9.7 12 13.9 22 31.8 42 41.1 41 19 23 4.5 12 0 0 5.8 10 5.8 10 5.6 8 6.4 13 6 13 9.4 14 11.3 16 21.7 29 36 48 36.5 48 37.9 53 
ub_10 9.3 11 7.7 9 8.7 11 9.8 12 14 20 31.9 41 41.5 44 21.4 26 6.8 14 5.8 10 0 0 1.2 4 1.4 4 1.5 5 4.3 10 9.9 15 9 19 22.2 30 36.4 49 37 49 38.3 53 
ub_11 9.4 11 7.8 9 8.8 11 9.9 12 14.1 20 32 41 41.6 44 21.5 26 6.9 14 5.8 10 1.2 4 0 0 1 4 1.7 6 4.9 12 10.4 17 9.6 21 22.7 32 37 51 36.2 49 38.9 54 
ub_12 10 12 7.8 9 8.8 11 10.6 12 14.8 20 32.7 41 42.2 44 21.3 24 6.7 12 5.6 8 1.4 4 1 4 0 0 3.1 7 5.9 13 10.8 17 11.5 18 23.4 31 37.7 50 38.2 50 39.6 53 
ub_13 7.1 10 5.6 9 6.5 10 7.7 11 11.9 19 29.8 40 39.3 44 22.6 28 7.7 17 6.4 13 1.5 5 1.7 6 3.1 7 0 0 3.5 9 10.8 18 8.1 17 22.7 32 37 52 36.1 51 37.5 53 
ub_14 4.9 10 2.3 6 3.2 8 6.6 11 10.8 21 28.7 40 38 43 19.4 25 7.2 16 6 13 4.3 10 4.9 12 5.9 13 3.5 9 0 0 8.5 15 6.9 13 19.3 28 33.6 47 34.1 47 35.4 51 
ub_15 3.8 8 6.8 8 7.8 10 4.7 11 9.3 23 33.2 42 42.4 46 14.4 18 10.9 17 9.4 14 9.9 15 10.4 17 10.8 17 10.8 18 8.5 15 0 0 11.5 16 14.1 20 28.4 39 29.2 40 30.5 44 
ub_16 5.1 7 5.9 8 6.8 10 5.9 8 10.1 18 28 39 31.2 33 22.9 27 12.7 20 11.3 16 9 19 9.6 21 11.5 18 8.1 17 6.9 13 11.5 16 0 0 22.7 29 37 48 37.5 49 38.8 53 
ub_17 16.8 21 17.6 19 18.5 21 17.7 24 26 40 43.9 57 53.2 57 1.1 5 19.4 26 21.7 29 22.2 30 22.7 32 23.4 31 22.7 32 19.3 28 14.1 20 22.7 29 0 0 15.5 27 16 28 17.4 32 
ub_18 31 38 31.9 36 32.8 38 31.9 41 40.3 57 58.2 75 67.5 76 14.3 22 33.7 45 36 48 36.4 49 37 51 37.7 50 37 52 33.6 47 28.4 39 37 48 15.5 27 0 0 2.7 8 2.7 8 
ub_19 31.4 38 32.2 36 33.2 38 32.3 41 40.7 57 58.6 75 67.7 76 14.7 22 34.1 45 36.5 48 37 49 36.2 49 38.2 50 36.1 51 34.1 47 29.2 40 37.5 49 16 28 2.7 8 0 0 2.1 5 
ub_20 32.7 41 33.5 39 34.4 41 33.6 44 41.9 61 59.8 79 69.1 80 15.9 26 35.3 48 37.9 53 38.3 53 38.9 54 39.6 53 37.5 53 35.4 51 30.5 44 38.8 53 17.4 32 2.7 8 2.1 5 0 0 
bh_01 2002-01-02T09:00:00Z
bh_02 2002-01-02T10:00:00Z
bh_03 2002-01-02T11:00:00Z
bh_04 2002-01-02T12:00:00Z
bh_05 2002-01-02T13:00:00Z
bh_06 2002-01-02T14:00:00Z
bh_07 2002-01-02T15:00:00Z
bh_08 2002-01-02T16:00:00Z
bh_09 2002-01-02T17:00:00Z
bh_10 2002-01-02T18:00:00Z
bh_11 2002-01-02T17:00:00Z
bh_12 2002-01-03T09:00:00Z
bh_13 2002-01-03T10:00:00Z
bh_14 2002-01-03T11:00:00Z
bh_15 2002-01-03T12:00:00Z
bh_16 2002-01-03T13:00:00Z
bh_17 2002-01-03T14:00:00Z
bh_18 2002-01-03T15:00:00Z
bh_19 2002-01-03T16:00:00Z
bh_20 2002-01-03T17:00:00Z
bh_21 2002-01-03T18:00:00Z
bh_22 2002-01-03T18:00:00Z
bh_23 2002-01-04T09:00:00Z
bh_24 2002-01-04T10:00:00Z
bh_25 2002-01-04T11:00:00Z
bh_26 2002-01-04T12:00:00Z
bh_27 2002-01-04T13:00:00Z
bh_28 2002-01-04T14:00:00Z
bh_29 2002-01-04T15:00:00Z
bh_30 2002-01-04T16:00:00Z
bh_31 2002-01-04T17:00:00Z
bh_32 2002-01-04T18:00:00Z
bh_33 2002-01-04T18:00:00Z
bh_34 2002-01-05T09:00:00Z
bh_35 2002-01-05T10:00:00Z
bh_36 2002-01-05T11:00:00Z
bh_37 2002-01-05T12:00:00Z
bh_38 2002-01-05T13:00:00Z
bh_39 2002-01-05T14:00:00Z
bh_40 2002-01-05T15:00:00Z
bh_41 2002-01-05T16:00:00Z
bh_42 2002-01-05T17:00:00Z
bh_43 2002-01-05T18:00:00Z
bh_44 2002-01-05T18:00:00Z
bh_45 2002-01-06T09:00:00Z
vi_01 ub_01 bh_01 bh_45 1 1 1 1 1 1 1 1 1 1 1 1 1 1 1 1 1 2 1
vi_02 ub_02 bh_01 bh_45 1 1 1 1 1 1 1 1 1 1 1 1 1 1 1 1 1 2 1
vi_03 ub_03 bh_01 bh_45 1 1 1 1 1 1 1 1 1 1 1 1 1 1 1 1 1 2 1
vi_04 ub_04 bh_01 bh_45 1 1 1 1 1 1 1 1 1 1 1 1 1 1 1 1 1 2 1
vi_05 ub_05 bh_01 bh_45 0 1 1 1 1 1 1 1 1 1 1 1 1 1 1 1 1 2 1
vi_06 ub_06 bh_01 bh_45 1 0 1 1 1 1 1 1 1 1 1 1 1 1 1 1 1 2 1
vi_07 ub_07 bh_01 bh_45 1 1 0 1 1 1 1 1 1 1 1 1 1 1 1 1 1 2 1
vi_08 ub_08 bh_01 bh_45 1 1 1 0 1 1 1 1 1 1 1 1 1 1 1 1 1 2 1
vi_09 ub_09 bh_01 bh_45 1 1 1 1 0 1 1 1 1 1 1 1 1 1 1 1 1 2 1
vi_10 ub_10 bh_01 bh_45 1 1 1 1 1 0 1 1 1 1 1 1 1 1 1 1 1 2 1
vi_11 ub_11 bh_01 bh_45 1 1 1 1 1 1 0 1 1 1 1 1 1 1 1 1 1 2 1
vi_12 ub_12 bh_01 bh_45 1 1 1 1 1 1 1 0 1 1 1 1 1 1 1 1 1 2 1
vi_13 ub_13 bh_01 bh_45 1 1 1 1 1 1 1 1 0 1 1 1 1 1 1 1 1 2 1
vi_14 ub_14 bh_01 bh_45 1 1 1 1 1 1 1 1 1 0 1 1 1 1 1 1 1 2 1
vi_15 ub_15 bh_01 bh_45 1 1 1 1 1 1 1 1 1 1 0 1 1 1 1 1 1 2 1
vi_16 ub_16 bh_01 bh_45 1 1 1 1 1 1 1 1 1 1 1 0 1 1 1 1 1 2 1
vi_17 ub_17 bh_01 bh_45 1 1 1 1 1 1 1 1 1 1 1 1 0 1 1 1 1 2 1
vi_18 ub_18 bh_01 bh_45 1 1 1 1 1 1 1 1 1 1 1 1 1 0 1 1 1 2 1
vi_19 ub_19 bh_01 bh_45 1 1 1 1 1 1 1 1 1 1 1 1 1 1 0 1 1 2 1
vi_20 ub_20 bh_01 bh_45 1 1 1 1 1 1 1 1 1 1 1 1 1 1 1 0 1 2 1
